Y	X	lane	road	fence	bus	large.truck	D.Urban	D.agri	D.forest	D.grass	D.wetland	D.bare	D.water	A.Urban	A.agri	A.Grass	A.wetland	A.bare	A.water	adult	sub-adult	juvenile	non-identification	PA
0.09177067	0.19823785	0.332455793	0.668306507	0.092386456	0.610154706	0.437490818	0.630535102	0.415126757	0.402945857	0.329237492	0.578122645	0.652358247	0.52700268	0.218308872	0.592735291	0.631510409	0.223633404	0.153727791	0.158264425	2	1.414213562	0	1.414213562	2.828427125
0.110070469	0.179173668	0.312748831	0.658048266	0.121783697	0.603347111	0.426313735	0.636880124	0.403701174	0.405709108	0.318966641	0.574608895	0.65727169	0.512924973	0.218312873	0.583564776	0.618661148	0.2353964	0.153290192	0.171740261	2.236067977	1.414213562	0	1	2.828427125
0.155606969	0.140787955	0.298057691	0.642678485	0.093418034	0.609018246	0.405224563	0.616205539	0.395199774	0.44763422	0.32990211	0.564126786	0.633272189	0.500206031	0.25023415	0.65007618	0.60586324	0.237895035	0.177765238	0.195000126	3.605551275	2	0	2.449489743	4.795831523
0.21640769	0.154942397	0.287320627	0.6496022	0.137565492	0.600747468	0.390511233	0.615091355	0.401652136	0.439262899	0.327967853	0.570708987	0.640669485	0.496547817	0.253620758	0.61574979	0.606619694	0.230222688	0.193483897	0.184243932	1.732050808	1	0	1	2.236067977
0.280109617	0.148869777	0.288362407	0.64997433	0.126837744	0.603600609	0.385648531	0.591677641	0.395211434	0.476835662	0.344698457	0.525914781	0.628917551	0.497166556	0.272813375	0.65709156	0.578837302	0.232313846	0.196953669	0.188128265	3	0	0	1.732050808	3.464101615
0.360345285	0.163964737	0.3099391	0.635577363	0.196855645	0.606548611	0.431821366	0.603003935	0.411033731	0.469371831	0.358377926	0.528290137	0.626236561	0.503316787	0.280812336	0.635901517	0.583752722	0.228539738	0.215174927	0.19500531	0	1	0	1	1.414213562
0.465498371	0.149759734	0.308643962	0.600706896	0.171403388	0.595030075	0.459227963	0.605672316	0.422651411	0.473302709	0.361728702	0.497671191	0.643056091	0.508444163	0.298754933	0.634240796	0.575297048	0.246009664	0.221333691	0.206890271	2.645751311	0	0	1	2.828427125
0.550568701	0.151057563	0.327307905	0.595922342	0.178870901	0.630805697	0.538776038	0.597511542	0.434879724	0.464834869	0.377001264	0.512690489	0.623158476	0.521430595	0.29220877	0.635160695	0.570417248	0.243163775	0.250524179	0.181558756	2.828427125	1.414213562	0	2.645751311	4.123105626
0.574056403	0.169952602	0.35104584	0.62013729	0.314316829	0.641054856	0.561742166	0.572741285	0.44867698	0.462942748	0.374216886	0.528707021	0.632352414	0.530605914	0.31785119	0.596535876	0.577063127	0.24042967	0.265599548	0.186731728	1	0	0	1	1.414213562
0.609108229	0.189632792	0.379657043	0.643171219	0.510802108	0.655092399	0.586551381	0.557665417	0.456007182	0.459931478	0.368357904	0.553356305	0.638090308	0.540663052	0.33669246	0.57866785	0.581292437	0.223534302	0.276661689	0.172477516	2.236067977	0	0	0	2.236067977
0.658131229	0.218972373	0.39803535	0.66157398	0.560053789	0.675905565	0.584864087	0.562942016	0.465291167	0.440678981	0.366166737	0.573890533	0.61775618	0.522569329	0.338609536	0.508969241	0.590177403	0.208201498	0.287986155	0.171482454	1.483239697	0.447213595	0	1	1.843908891
0.725580016	0.25685442	0.417545666	0.685555877	0.581957753	0.700181644	0.579989858	0.568265603	0.477797453	0.421053735	0.366841084	0.600884775	0.593092189	0.507692937	0.341569072	0.422277779	0.590408635	0.188841665	0.30106186	0.16946803	0	1	0	1	1.414213562
0.792686135	0.27466522	0.41072949	0.691056848	0.621037451	0.70084297	0.542608921	0.571346749	0.475801237	0.39496914	0.371565925	0.596519749	0.566017891	0.497937214	0.311614662	0.369314169	0.570721998	0.182530161	0.303199703	0.173004275	1.414213562	0	0	0	1.414213562
0.835138823	0.295989691	0.370366488	0.664704614	0.546790034	0.674856228	0.487373235	0.582270388	0.478186188	0.379462508	0.368513069	0.597778141	0.556654661	0.487900302	0.277895254	0.341268972	0.553765857	0.183718019	0.297490915	0.1706514	0	0	0	1	1
0.862976531	0.298309171	0.354547134	0.653928812	0.693988875	0.659318586	0.46663178	0.600354377	0.475851251	0.382074177	0.373642993	0.594066419	0.531101542	0.487683614	0.263286302	0.360039826	0.544636534	0.195115592	0.298921829	0.159952301	4	0	0	2.236067977	4.582575695
0.067255961	0.245228155	0.3489758	0.677686699	0.082518191	0.606069186	0.452655212	0.653782222	0.431562015	0.40645369	0.317519393	0.566355988	0.659565291	0.530881829	0.214498243	0.574882136	0.639687931	0.218347975	0.147130372	0.151269605	3.605551275	1.414213562	0	2	4.358898944
0.102617177	0.238956871	0.326976101	0.663011831	0.133826434	0.598940411	0.442017095	0.646694856	0.429319643	0.407405265	0.318599244	0.590156437	0.659189021	0.520678967	0.216044773	0.548175389	0.642925805	0.229377952	0.156952129	0.156634266	1.414213562	0	0	0	1.414213562
0.157736247	0.182302714	0.300473319	0.655777895	0.17930692	0.596951026	0.414097292	0.628246568	0.410523024	0.428122086	0.319654906	0.570514119	0.64705068	0.510300946	0.236324332	0.595675768	0.618251847	0.231307378	0.175189379	0.176800606	1.414213562	0	0	1	1.732050808
0.223703411	0.20839091	0.307764823	0.661533238	0.166804014	0.595993184	0.412896684	0.622568118	0.417914682	0.42365796	0.328561719	0.592821459	0.641788105	0.508905474	0.238495128	0.551849689	0.621228627	0.218183869	0.196297276	0.169453111	2.449489743	1	0	1	2.828427125
0.277387606	0.174020125	0.304421991	0.65208591	0.26667303	0.606948101	0.41872319	0.613559882	0.414700279	0.444530322	0.343693394	0.561146664	0.631901777	0.495106885	0.259890103	0.602364921	0.605189448	0.219056474	0.201309213	0.182025384	2	1	0	0	2.236067977
0.351690727	0.201653157	0.328041895	0.653405694	0.260102401	0.615449008	0.456500408	0.60957055	0.424199182	0.444055085	0.355073466	0.552616297	0.625921841	0.507530912	0.271997981	0.58547159	0.608958143	0.222309711	0.222017188	0.176604751	1	1	0	1	1.732050808
0.456120995	0.173798616	0.322852484	0.618279241	0.226356925	0.61644619	0.485878279	0.601305887	0.433396171	0.457038347	0.36214668	0.529753529	0.626553936	0.516099192	0.29329466	0.613934726	0.589091398	0.233494536	0.229708651	0.188818799	1.414213562	0	0	1	1.732050808
0.524141426	0.194034543	0.346848551	0.624975682	0.302157862	0.639921303	0.531123065	0.595287475	0.444029738	0.447915189	0.365819809	0.541497678	0.625922592	0.525305816	0.301781101	0.581673462	0.59857124	0.231888309	0.258257191	0.179416127	0	0	0	0	0
0.57336095	0.181772946	0.359134393	0.62681954	0.377419612	0.652445065	0.547920304	0.575707275	0.448187413	0.447142649	0.372148379	0.543854472	0.632284843	0.522599908	0.315797776	0.579748706	0.594072027	0.231227971	0.263086547	0.181453282	2.828427125	0	0	1.732050808	3.31662479
0.603882505	0.227011374	0.389207091	0.657847574	0.530533389	0.681476598	0.584408558	0.570424924	0.461044284	0.443843155	0.352430347	0.565975454	0.624904444	0.5279128	0.332995532	0.539462584	0.607739073	0.215513508	0.281877612	0.164627966	2	0	0	0	2
0.653558242	0.236502098	0.403567217	0.666984226	0.581813533	0.685981978	0.599283779	0.564310801	0.467640928	0.438205472	0.355129944	0.579876124	0.616891158	0.518756926	0.34442352	0.498819433	0.607122297	0.202416933	0.292247218	0.164724307	1.414213562	0	0	1.414213562	2
0.71472493	0.27830226	0.415783407	0.689169308	0.510391293	0.713012886	0.592790342	0.575255271	0.479594828	0.41778435	0.358675464	0.610338543	0.592580111	0.515055512	0.34210113	0.426040012	0.603488849	0.189017489	0.301857017	0.16730737	0	0	0	1.414213562	1.414213562
0.786554241	0.285386805	0.400628781	0.676097829	0.474896697	0.698601485	0.538145432	0.58323908	0.481262129	0.393108084	0.367262764	0.607937637	0.580241003	0.492697518	0.313310796	0.367318822	0.572815551	0.183511414	0.298961945	0.176935662	2.449489743	0	0	1	2.645751311
0.820064104	0.307712002	0.360882492	0.659582516	0.388103252	0.683691133	0.494453486	0.586517086	0.480023391	0.374833135	0.364129016	0.60348693	0.56815331	0.484149069	0.276612131	0.337596867	0.554540369	0.187451265	0.289325904	0.197433015	2	1	0	0	2.236067977
0.85566273	0.308296296	0.341984876	0.645944653	0.426104695	0.666545654	0.465764182	0.579622494	0.481846404	0.375683237	0.373244134	0.592158096	0.543276071	0.483227817	0.255481711	0.324936425	0.541257022	0.184052718	0.297247602	0.160923599	4.795831523	0	0	1.732050808	5.099019514
0.073826387	0.283223032	0.358495947	0.678677195	0.122696704	0.605361796	0.469857593	0.650348024	0.459140018	0.396477639	0.322023235	0.612362911	0.660220221	0.532983746	0.210242739	0.505232747	0.66619214	0.233044163	0.1516596	0.136798035	4.472135955	1.414213562	1	2.236067977	5.291502622
0.1151571	0.284065273	0.323736876	0.656906076	0.189956578	0.593826643	0.453467906	0.653503046	0.444665428	0.400851631	0.322868217	0.607514521	0.659777569	0.512971672	0.208367877	0.497779017	0.659416818	0.235672271	0.164843147	0.15332621	1.732050808	0	0	1	2
0.168943689	0.246323536	0.317064536	0.663664084	0.168197267	0.597274235	0.437281264	0.638731841	0.428458493	0.413907998	0.326763078	0.593684853	0.647074852	0.508024498	0.219393683	0.526550374	0.636428536	0.225235078	0.18396522	0.164693679	2.273030283	0.577350269	0	1.154700538	2.614064524
0.240643865	0.269632222	0.328018773	0.676754869	0.156104754	0.607377959	0.443492596	0.615762757	0.431503767	0.41745673	0.355017933	0.590680403	0.621424333	0.499277233	0.221182313	0.492072089	0.628066527	0.21192408	0.220928579	0.16395622	3.741657387	1	0	2.236067977	4.472135955
0.280763417	0.234739763	0.323825669	0.667961452	0.230480171	0.60716839	0.438710475	0.617372344	0.426401764	0.426830733	0.351576598	0.581115514	0.620973425	0.502229001	0.242556359	0.531937875	0.62057828	0.2160651	0.215752899	0.168948649	0	0	0	0	0
0.346327171	0.256963698	0.33568891	0.665398615	0.330431896	0.611447668	0.462127131	0.61658009	0.438069266	0.421740803	0.358182074	0.581420326	0.612443381	0.50391044	0.24765929	0.505119554	0.62574866	0.214735381	0.232918092	0.167154641	0	0	0	0	0
0.43623702	0.223923406	0.340843753	0.64414763	0.310869831	0.627074635	0.496110763	0.607367539	0.442172907	0.436795743	0.360103077	0.559881093	0.62032357	0.518674196	0.280254589	0.552589297	0.615252526	0.223852688	0.244516648	0.173937434	0.866025404	0.5	0	0.707106781	1.224744871
0.507888192	0.260350698	0.365234053	0.653359592	0.407028656	0.655517726	0.544940092	0.607790433	0.456047181	0.426507305	0.355277324	0.57989083	0.617297679	0.532988871	0.296966157	0.516612149	0.635366936	0.220479387	0.274339135	0.164477935	1	0	0	0.5	1.118033989
0.563398131	0.237483804	0.373837758	0.653637307	0.445518248	0.671091311	0.569512616	0.590625614	0.45550491	0.434008724	0.355490152	0.569009342	0.623471	0.533475458	0.316211096	0.535617805	0.620128611	0.222306224	0.278153871	0.168065529	0	0	0	0	0
0.598311722	0.283310844	0.397109097	0.683228613	0.517028742	0.703623865	0.606980495	0.592201951	0.464613428	0.42112032	0.345594907	0.588442431	0.612960498	0.531140902	0.322116546	0.498327721	0.635546601	0.211167955	0.293286798	0.160488711	1	0	0	0	1
0.648726188	0.273847482	0.404793188	0.682963441	0.513219361	0.709979012	0.608983742	0.577392963	0.469892649	0.426287243	0.34764721	0.592045947	0.607299922	0.525572196	0.337146155	0.47995587	0.621318298	0.200417963	0.296214752	0.161893292	1.414213562	0	0	0	1.683250823
0.697938362	0.30993909	0.398206007	0.680996228	0.434799374	0.716781406	0.59817382	0.584981366	0.46987235	0.408679837	0.34917658	0.605457737	0.602994463	0.517521663	0.330260854	0.444581054	0.614681758	0.19367716	0.296499462	0.167896259	1.414213562	0	0	0	1.414213562
0.763270855	0.309533795	0.388486959	0.672567777	0.421458689	0.703936118	0.545959992	0.586398045	0.478065393	0.389480651	0.362499654	0.608245576	0.588802372	0.497471343	0.311469225	0.389879573	0.581652445	0.188721574	0.292119975	0.191045699	1	0	0	0	1
0.79247951	0.330878908	0.350952677	0.659289767	0.306036606	0.687547712	0.496722933	0.582311538	0.477470284	0.363581335	0.360654167	0.597921007	0.586859293	0.483797266	0.276673183	0.354843869	0.56491391	0.196131895	0.27632408	0.2284177	2	0	0	1	2.236067977
0.829453607	0.323691151	0.336031932	0.650329264	0.33424025	0.671963636	0.462376349	0.57999444	0.483716338	0.368838339	0.359119029	0.595181363	0.557901534	0.480601741	0.257767826	0.324948788	0.546080662	0.190488265	0.282900156	0.186027206	1.414213562	0	0	0	1.414213562
0.092368158	0.308389232	0.349715464	0.680327603	0.322323019	0.61459596	0.491827388	0.649941021	0.455276497	0.390145062	0.321928671	0.615906159	0.659212472	0.5262784	0.211579145	0.481290935	0.658851048	0.249396274	0.163391685	0.146654166	3	0	0	1	3.16227766
0.13649059	0.317957147	0.318951006	0.675757892	0.345066411	0.588868069	0.465596258	0.64868883	0.452900782	0.382680924	0.331353678	0.610245005	0.642034406	0.505889742	0.200233661	0.449237719	0.65077542	0.245469613	0.171152506	0.155084881	2	0	0	1	2.236067977
0.184585774	0.292285912	0.316108373	0.663334869	0.198790126	0.59244701	0.447625385	0.654227042	0.435781979	0.407895229	0.333422049	0.599073782	0.635733254	0.497673031	0.204200976	0.476422299	0.635973676	0.225369033	0.188975834	0.165296049	2	0	0	0	2
0.24814945	0.302768442	0.293628208	0.674619251	0.196247759	0.583894224	0.421842698	0.635023516	0.415436063	0.39709583	0.349394429	0.584950433	0.612227014	0.484139211	0.206699753	0.44711181	0.631082875	0.208865291	0.206827448	0.151632974	2	0	0	0	2
0.286483459	0.282269727	0.321443265	0.675306436	0.300383831	0.596658254	0.442866047	0.625557353	0.432853119	0.41068926	0.353602679	0.591705213	0.610116558	0.496328301	0.220844848	0.469366929	0.626661847	0.211055302	0.218971214	0.159328485	1.414213562	1	0	1.414213562	2.236067977
0.357375853	0.306827281	0.335314516	0.666437981	0.394056208	0.601466816	0.456807681	0.6285612	0.445825097	0.394833398	0.363731274	0.59108985	0.605993716	0.501427939	0.229364004	0.455721405	0.642823285	0.211086596	0.240198267	0.155097306	1.414213562	0	0	1.414213562	2
0.431496023	0.286373237	0.355056467	0.656966198	0.38850738	0.630093238	0.500579744	0.621999284	0.45675992	0.41375607	0.359781173	0.589496853	0.611097069	0.519372848	0.263280017	0.485962019	0.644710243	0.216022703	0.261007508	0.15991768	1.118033989	0	0	0.866025404	1.414213562
0.506459837	0.317190704	0.378448312	0.65693711	0.417906197	0.662606992	0.552669047	0.626052657	0.471155501	0.414619968	0.353120712	0.607277779	0.606292024	0.537314176	0.28853291	0.470995527	0.667908828	0.214680657	0.297811071	0.152243158	1	0	0	1	1.414213562
0.554270261	0.301931191	0.390776115	0.676445172	0.513391009	0.689221186	0.591292282	0.608491389	0.46055272	0.416391983	0.341709076	0.601660555	0.608826834	0.543052271	0.3130136	0.48520105	0.655482233	0.212177601	0.2966471	0.154956305	1.732050808	0	0	0	1.732050808
0.593568284	0.330918582	0.401246458	0.701542696	0.503161661	0.719986509	0.622956554	0.611875002	0.469832135	0.410201632	0.341343657	0.595140155	0.597093541	0.529826093	0.304430325	0.483433996	0.642925975	0.212478262	0.298843701	0.15955358	2.236067977	1	0	1	2.645751311
0.639988399	0.313486853	0.408885867	0.694117278	0.418971886	0.722260121	0.627241867	0.590582034	0.471075939	0.416826923	0.346577894	0.5995362	0.602722361	0.529454621	0.325586171	0.4765426	0.63794503	0.19996188	0.295715746	0.159871517	1.732050808	0	0	1	2
0.684596411	0.340652513	0.383165692	0.679287806	0.354244118	0.710833584	0.599663431	0.585081105	0.459223507	0.407833342	0.355357505	0.589971459	0.60070159	0.518415467	0.315816954	0.474992943	0.619534192	0.198586328	0.291296539	0.162094721	2.828427125	0	0	0	2.828427125
0.739896412	0.337896587	0.380404362	0.672854998	0.381383728	0.706370075	0.553243274	0.585201396	0.468986985	0.388237465	0.366725127	0.596997305	0.601610462	0.506535268	0.308969433	0.430373177	0.594089521	0.196379346	0.286866811	0.197352811	1.732050808	0	0	0	1.732050808
0.769723856	0.356575154	0.343145011	0.663599941	0.288133664	0.696109477	0.490652894	0.579376916	0.480511694	0.375448421	0.361684746	0.578568215	0.608408795	0.485595468	0.281337004	0.391036999	0.588874232	0.206285175	0.279357135	0.255122136	2.645751311	0	0	1	2.828427125
0.807480637	0.351830393	0.331914523	0.660254924	0.244882435	0.684663548	0.455926833	0.579287074	0.487296123	0.365896556	0.347000046	0.580801707	0.579315614	0.484428234	0.254115426	0.332944348	0.567577204	0.199834965	0.278206166	0.209804792	4.123105626	0	0	1.414213562	4.358898944
0.114503225	0.340613643	0.343117368	0.678397596	0.50296258	0.608060085	0.491225504	0.656922456	0.465156771	0.373819985	0.324224813	0.617195612	0.648940276	0.521616739	0.209994076	0.443914063	0.644200642	0.287577312	0.172346813	0.144547251	2.449489743	1	0	1.414213562	3
0.155528233	0.359985803	0.306234819	0.667963474	0.325640477	0.581711273	0.429019025	0.64402539	0.442704338	0.378387586	0.340033701	0.593674791	0.627415217	0.493902778	0.195033914	0.421465407	0.615772446	0.239062965	0.174021709	0.145395993	2	0	0	0	2
0.195978177	0.331007334	0.297528759	0.6666469	0.228894375	0.574187784	0.419517282	0.643559832	0.424562283	0.385461247	0.343560974	0.594759105	0.629525212	0.490200054	0.196307975	0.4352761	0.628773841	0.220608661	0.183794474	0.150921716	1	0	0	1.414213562	1.732050808
0.262420111	0.349104565	0.266238462	0.658371281	0.186954189	0.565392495	0.381309937	0.634146333	0.39605067	0.385108092	0.354394138	0.560020459	0.622928777	0.470427445	0.197285653	0.43007897	0.619767445	0.208087963	0.204135319	0.144448922	1.414213562	0	0	1.414213562	2
0.308684303	0.325302787	0.288109294	0.665652524	0.276258114	0.580154341	0.41465482	0.634222009	0.422650715	0.384442591	0.363135388	0.579455924	0.613220969	0.492441027	0.210351017	0.438179899	0.633465189	0.20657281	0.221038462	0.149228742	1	0	0	0	1
0.38674055	0.35734571	0.322077197	0.648791896	0.333481534	0.590307174	0.434270234	0.640514925	0.44704394	0.3851044	0.369748396	0.581143311	0.608380202	0.503569117	0.220309455	0.436843194	0.646386449	0.212428575	0.241449239	0.151524215	1.414213562	0	0	1	1.732050808
0.447165224	0.337750921	0.362829019	0.642089734	0.395586441	0.621249967	0.487609197	0.638733145	0.469116227	0.400095158	0.362849104	0.602595549	0.606001337	0.518918592	0.24687115	0.450649824	0.664545249	0.215262573	0.272927576	0.151019291	1.414213562	0	0	0	1.414213562
0.515320261	0.352726892	0.393066654	0.590476311	0.296407824	0.649590839	0.528821204	0.631674139	0.474113851	0.418166972	0.355526303	0.614655093	0.594826276	0.534238089	0.27324768	0.47253242	0.683629605	0.222823014	0.320264159	0.147977474	2.236067977	1	1	0	2.645751311
0.554514457	0.339398972	0.392191364	0.649879036	0.383188467	0.687327054	0.578894381	0.619631045	0.471054201	0.421945447	0.344588867	0.608143141	0.591065737	0.542556197	0.299252083	0.483058331	0.666421478	0.221503892	0.30987944	0.154111425	1.414213562	0	1	1	2
0.592546247	0.360991409	0.389445408	0.659469083	0.333008037	0.696043902	0.594797781	0.615836411	0.462683251	0.422353497	0.33835771	0.594535471	0.588510893	0.532923643	0.287852073	0.488509736	0.656218574	0.217315211	0.298924848	0.15598624	1	0	0	0	1
0.635110149	0.350551721	0.38634231	0.678543089	0.3752431	0.707777029	0.606194393	0.600989063	0.45555459	0.414231123	0.341454055	0.588317048	0.591420666	0.52419298	0.299276368	0.486591354	0.637802509	0.204974732	0.291223562	0.156591686	1	0	0	0	1
0.673515664	0.373622504	0.363182163	0.672797061	0.341127118	0.687095447	0.580075792	0.597200517	0.445134964	0.408502318	0.344466985	0.57394682	0.604296961	0.520865846	0.289949655	0.494546085	0.62412333	0.20673602	0.281711136	0.158890785	1.732050808	0	0	0	1.732050808
0.721079762	0.366364794	0.359191258	0.671582267	0.370722666	0.692617179	0.545148189	0.593571167	0.455349387	0.390413427	0.365943241	0.583449727	0.616390407	0.513748771	0.296657315	0.462702353	0.604134117	0.204753707	0.28765502	0.187547469	1.414213562	1	0	0	1.732050808
0.748025729	0.385121889	0.334947804	0.663783398	0.342293522	0.665631241	0.479030453	0.594955087	0.466568732	0.380805335	0.347589952	0.576022546	0.622923135	0.508126638	0.2798885	0.436325617	0.599571985	0.21251803	0.281767273	0.195853042	1.414213562	0	0	0	1.414213562
0.778430093	0.377111665	0.332878056	0.660327093	0.389218906	0.666621811	0.444115261	0.593252071	0.480068102	0.375633968	0.339559907	0.585911229	0.613747338	0.502767995	0.271309576	0.386222303	0.588685577	0.213879342	0.276218089	0.204563946	3	0	0	1	3.16227766
0.143704263	0.40047049	0.31451901	0.6683937	0.364618246	0.596700811	0.449153639	0.639313739	0.448847075	0.374326648	0.343251364	0.593843034	0.635514131	0.499621241	0.206597533	0.422140863	0.596968738	0.251805808	0.18062243	0.159545757	2.160246899	0.577350269	0	0.816496581	2.380476143
0.180649284	0.440000283	0.286940916	0.658368537	0.245684028	0.579496683	0.401757131	0.624590744	0.422380865	0.381167287	0.359130353	0.563529843	0.622120584	0.477766456	0.20689338	0.423000385	0.56814651	0.22730845	0.190489175	0.166420963	1.914854216	0.40824829	0	0.912870929	2.160246899
0.212393579	0.385275532	0.268162377	0.655582733	0.200862572	0.561257466	0.36960201	0.631852189	0.404512156	0.386763496	0.365030884	0.560104162	0.626165828	0.470194192	0.197084447	0.430763524	0.593100843	0.221055507	0.184678062	0.152581698	2	0	0	0	2
0.284882511	0.417423251	0.253433968	0.644290688	0.166989102	0.546643031	0.343045899	0.619158588	0.391113028	0.387783723	0.371993164	0.536112514	0.607349979	0.460002588	0.202030382	0.42807201	0.579260146	0.211550957	0.21490803	0.146869541	1.414213562	0	0	0	1.414213562
0.334319082	0.380534889	0.275952202	0.643769246	0.213456787	0.565043952	0.379779888	0.630610723	0.410579498	0.381618897	0.375519561	0.555622391	0.605969269	0.484041499	0.206162455	0.426088845	0.619063637	0.207436565	0.225402136	0.144230671	0	1	0	0	1
0.411584054	0.41588973	0.312271293	0.633081958	0.215713849	0.572797478	0.421144928	0.632091716	0.435549943	0.392722642	0.366625853	0.558089435	0.594990091	0.49255961	0.216039746	0.44270243	0.628931775	0.219105496	0.245557231	0.14924542	1.414213562	0	0	0	1.414213562
0.465924045	0.381683617	0.350500761	0.610934745	0.297017983	0.602392774	0.463161913	0.640959574	0.459435603	0.400543291	0.357251483	0.581404034	0.600533275	0.517929572	0.235937007	0.453862179	0.663590213	0.220260979	0.270544796	0.151944196	0	0	0	0	0
0.522753393	0.394779502	0.362062947	0.571453108	0.20574818	0.617810423	0.499799252	0.63469675	0.457782546	0.423695021	0.341980126	0.584056727	0.594556829	0.527159084	0.251141347	0.484098298	0.666307032	0.225680184	0.284224703	0.152997011	1.414213562	0	0	1	1.732050808
0.557988961	0.370539971	0.384537758	0.586869907	0.222991009	0.661223033	0.55611832	0.6151751	0.468084436	0.435789175	0.341198534	0.599000569	0.581429143	0.532068155	0.283216825	0.495481679	0.676604027	0.227925295	0.308377742	0.149574655	2.236067977	1	0	0	2.449489743
0.593410943	0.393606311	0.374257737	0.62574838	0.195605781	0.665641152	0.558613479	0.613727577	0.448984717	0.438947709	0.334159131	0.584237147	0.592775474	0.535530431	0.277076533	0.498107472	0.662841988	0.225107647	0.293498896	0.149965134	1.732050808	0	0	1.414213562	2.236067977
0.631761471	0.385023199	0.370454965	0.664895373	0.309747591	0.679021544	0.584813154	0.604475267	0.445782885	0.41865009	0.33529746	0.577577514	0.586890856	0.526508328	0.276979384	0.494823342	0.641597714	0.213913791	0.283980287	0.15657788	2	1	0	0	2.236067977
0.665503599	0.408175245	0.352768583	0.670316525	0.296941708	0.66224145	0.566200148	0.607665607	0.433854947	0.411117037	0.331964195	0.554764357	0.613915637	0.518772916	0.267105814	0.510188553	0.624192154	0.220150188	0.274852731	0.162404213	2	1	0	1	2.449489743
0.707260498	0.396402945	0.351095575	0.667494496	0.340627095	0.669224922	0.525105247	0.597998076	0.440689986	0.395180675	0.338578511	0.560798633	0.624666987	0.511868628	0.28099514	0.485641687	0.605542113	0.210937352	0.282032473	0.168620348	1.414213562	1.414213562	0	0	2
0.736407074	0.412304407	0.321317528	0.658487179	0.281893067	0.635116835	0.457321891	0.598770602	0.451492625	0.386536724	0.329715839	0.562309466	0.620320033	0.505596558	0.268734438	0.454169892	0.605742865	0.219104674	0.275087605	0.167219716	1.414213562	0	0	0	1.414213562
0.762025321	0.401289708	0.322605751	0.657446126	0.322548802	0.641790589	0.42698153	0.590431246	0.467549107	0.384528063	0.331927039	0.570772405	0.615489019	0.507453428	0.272104495	0.422500256	0.601487435	0.217132787	0.273907307	0.173677203	1.414213562	0	0	1	1.732050808
0.163072601	0.499207299	0.301234445	0.664997735	0.240030055	0.606920627	0.4398158	0.620394154	0.43779688	0.376243838	0.363881172	0.572057568	0.630549252	0.487771845	0.216837333	0.409112724	0.534498091	0.223164848	0.198058154	0.192228685	2	0	0	0	2
0.189118566	0.535875486	0.289126805	0.658680433	0.178864979	0.588664388	0.407514464	0.602414609	0.412227412	0.388284398	0.363395844	0.535649779	0.619105943	0.468260651	0.220343208	0.425274765	0.516488581	0.213778309	0.205946033	0.194047719	2.645751311	0	0	1	2.828427125
0.238517732	0.465564936	0.247687179	0.642610797	0.170537611	0.553350319	0.342223432	0.605759589	0.392715449	0.390885617	0.374812409	0.532394267	0.595426889	0.461787519	0.212828124	0.439721385	0.553782157	0.217838231	0.21340817	0.165364658	1	0	0	2	2.236067977
0.318358269	0.493569723	0.247660282	0.624859495	0.157361624	0.51881247	0.315396273	0.600345939	0.379911083	0.391675412	0.392212178	0.525246651	0.56805855	0.441300884	0.214774665	0.436536302	0.521556111	0.219082305	0.247092948	0.156009653	2	1	0	1.732050808	2.828427125
0.360275649	0.452406651	0.270815544	0.63367604	0.171162203	0.539680754	0.355347831	0.614529002	0.401979243	0.393090034	0.382288586	0.540822703	0.584404874	0.464887417	0.211782206	0.442264186	0.576471336	0.215396219	0.244672489	0.145549118	1	0	0	0	1
0.427507861	0.483318019	0.307770255	0.628678339	0.158849566	0.541478101	0.395001466	0.620474538	0.426430787	0.403005887	0.361366708	0.544756658	0.576126602	0.472156562	0.22139109	0.478099499	0.575099613	0.220094397	0.262850274	0.140737997	1.414213562	0	0	0	1.414213562
0.476131977	0.433440859	0.33249408	0.604063437	0.177811868	0.573768733	0.431072261	0.631407171	0.445359355	0.410122082	0.343978292	0.553889357	0.588238686	0.500540847	0.226968725	0.470517136	0.632573497	0.22359188	0.260387877	0.151649361	0	1.414213562	0	1	1.732050808
0.526838537	0.447374129	0.327592257	0.578883025	0.133513586	0.579137984	0.449617541	0.621377524	0.431820867	0.427776267	0.330252075	0.5711898	0.576923338	0.511607901	0.237879361	0.503711751	0.642905271	0.227468326	0.265342757	0.143907935	1.414213562	0	0	1	1.732050808
0.562993306	0.409750581	0.364445902	0.571907145	0.13194033	0.632750022	0.514096435	0.616443003	0.450055061	0.436622181	0.328491674	0.594440882	0.596577691	0.539137756	0.268371373	0.515248801	0.666479817	0.228545896	0.279291215	0.138038743	2.828427125	1.414213562	0	0	3.16227766
0.593675166	0.440785012	0.358083017	0.626092559	0.134737104	0.62608533	0.532519926	0.609215684	0.440725503	0.435137149	0.323689608	0.574750405	0.595752143	0.529802264	0.255729517	0.494653475	0.644118035	0.222991192	0.269475593	0.146950675	1	1	0	1	1.732050808
0.627424941	0.422172954	0.356620786	0.650107471	0.196792621	0.650164331	0.559531759	0.608930476	0.435691449	0.429107025	0.32877481	0.560400114	0.600752736	0.522071047	0.262858313	0.504030443	0.636179286	0.224541446	0.276922407	0.157081418	1	0	0	0	1
0.657919982	0.439521798	0.33600783	0.656422588	0.163817979	0.641124694	0.552088751	0.607175623	0.417478999	0.428840229	0.331353994	0.543225182	0.612285339	0.49910928	0.261159494	0.52733755	0.615773304	0.234193635	0.272886451	0.164548882	2.449489743	1.414213562	0	1	3
0.698301843	0.42567265	0.331890937	0.66588911	0.242215717	0.63902571	0.511043005	0.604870871	0.435449905	0.400393148	0.329953938	0.562972273	0.618394512	0.505819356	0.266606729	0.495848106	0.614112195	0.219664683	0.280245621	0.166208866	2	0	0	1	2.236067977
0.729612031	0.446515956	0.313309419	0.664827304	0.266686627	0.621124586	0.441230767	0.612210164	0.453164525	0.376332331	0.327327483	0.576878034	0.62045858	0.508087755	0.25220486	0.449582469	0.595057204	0.219203521	0.263923706	0.142729375	1	0	0	1	1.414213562
0.755357255	0.428486677	0.303374819	0.658688029	0.254719554	0.622967212	0.404614495	0.598523485	0.45529395	0.373450094	0.331562696	0.55718817	0.616622358	0.500423035	0.253163872	0.419489477	0.589115665	0.220931306	0.256830164	0.153299552	2.449489743	0	0	1	2.645751311
0.167302705	0.585064808	0.296141145	0.670486499	0.192941271	0.626258715	0.443872109	0.60157347	0.414884798	0.379235816	0.373664312	0.570071529	0.608750088	0.489786331	0.218979303	0.406870336	0.48165012	0.211334253	0.212650351	0.246454366	3.16227766	1.732050808	0	2	4.123105626
0.211959269	0.583088259	0.287585236	0.661599509	0.257483304	0.587502544	0.42366106	0.597512838	0.413063203	0.390805601	0.366999879	0.537975534	0.598619602	0.471017915	0.219766994	0.4241168	0.493293339	0.215805415	0.219633587	0.218851134	0	0	0	1	1
0.259590778	0.537492061	0.268052979	0.645755399	0.206424015	0.554100255	0.370398709	0.597018006	0.399956611	0.392091685	0.374753403	0.532468277	0.586593446	0.458930043	0.219809274	0.441120402	0.511727837	0.221346711	0.235678694	0.184658334	1.527525232	0.577350269	0	1.290994449	2.081665999
0.340643959	0.55065746	0.27395704	0.640750387	0.246008564	0.529425425	0.364376822	0.592292147	0.406730828	0.395583857	0.37247178	0.539478416	0.563643906	0.456173574	0.226335381	0.473585258	0.512236987	0.228094682	0.273861762	0.165671693	0	0	0	1	1
0.384164069	0.51914616	0.280795708	0.630913338	0.187637444	0.523749216	0.360204312	0.605075518	0.403804437	0.401537084	0.378083509	0.540327174	0.558690973	0.454623949	0.223113117	0.480639996	0.531556041	0.221941599	0.275210384	0.146957333	0	0	0	0	0
0.436387625	0.541355565	0.30358455	0.632539079	0.176853827	0.529250732	0.395578016	0.621304399	0.414669104	0.413714561	0.357787621	0.55874622	0.552112444	0.470780191	0.229638352	0.532296	0.531598653	0.226236193	0.294656448	0.137095979	1.732050808	1	0	1.414213562	2.449489743
0.479359968	0.496524484	0.318742231	0.616197319	0.14201438	0.546902646	0.411791449	0.629436454	0.424898577	0.421421688	0.343015804	0.562304535	0.572350357	0.490345923	0.227825771	0.521032019	0.580205503	0.229474448	0.269952729	0.141200978	1	0	0	1.414213562	1.732050808
0.523814524	0.514222276	0.32302416	0.621420845	0.123554943	0.564599304	0.455653949	0.629535825	0.421158081	0.431735172	0.327781536	0.578412312	0.584546402	0.505755888	0.23392568	0.546774842	0.576582873	0.233215678	0.257570225	0.138494611	1.354006401	0	0	0.707106781	1.527525232
0.562425133	0.469065773	0.34052023	0.614022465	0.1083708	0.595908185	0.504485363	0.621312295	0.43164661	0.434957173	0.32056795	0.583845437	0.589356283	0.52828682	0.241380861	0.513938145	0.627166091	0.22660346	0.258050813	0.138043213	0	0	0	0	0
0.589037424	0.490864522	0.348588508	0.651604396	0.102291863	0.603000033	0.54211418	0.621260232	0.442375015	0.433629269	0.317452802	0.58833067	0.606090468	0.529958705	0.234111354	0.496691926	0.612133794	0.220936026	0.25350256	0.139944692	2	1	0	1	2.449489743
0.623138579	0.460406443	0.351257771	0.655202143	0.09894579	0.626133171	0.55603109	0.61521857	0.435429817	0.438222158	0.319570506	0.545509222	0.608919629	0.516228718	0.247150463	0.498158043	0.620261932	0.226509861	0.267255313	0.155051104	2.645751311	0	0	1.414213562	3
0.653399891	0.480192995	0.338619703	0.652245636	0.091084182	0.612389736	0.554257719	0.620236895	0.442827239	0.429746923	0.332756412	0.564396531	0.606431939	0.494920947	0.242636061	0.489793185	0.626343552	0.233042753	0.27027469	0.15830884	2.449489743	0	0	1.732050808	3
0.690628428	0.461265285	0.321588275	0.663098535	0.172956566	0.625049009	0.507953486	0.614356187	0.43926134	0.407499801	0.332172373	0.565481526	0.615934274	0.501172809	0.250799232	0.481424843	0.608989006	0.224009536	0.272678843	0.147892258	1	0	0	0	1
0.728615917	0.482983021	0.306169211	0.672851082	0.200911981	0.609406127	0.431992302	0.608064109	0.442381371	0.380282939	0.337386926	0.572671692	0.607570427	0.50126641	0.231334409	0.425476557	0.586467755	0.213554216	0.2551932	0.128040167	1	1	0	0	1.414213562
0.755135734	0.462279493	0.292024236	0.669003283	0.239024521	0.598498096	0.380100248	0.602674379	0.447941634	0.362751058	0.337262972	0.563330844	0.602843827	0.503759125	0.223812818	0.403579768	0.564092234	0.215477377	0.235033362	0.130955185	3.16227766	1.732050808	0	0	3.605551275
0.198836933	0.605898313	0.284071161	0.670032358	0.353907283	0.591696446	0.445269827	0.605197963	0.412355632	0.385713083	0.360788598	0.55218233	0.61980285	0.473689401	0.212788711	0.405435888	0.489170775	0.201176179	0.202078849	0.228789046	2.449489743	0	0	2.236067977	3.31662479
0.249061584	0.614979104	0.299769023	0.668469579	0.35987687	0.583962092	0.449407552	0.597522883	0.422745216	0.398553311	0.366807082	0.54372415	0.592922393	0.471062022	0.224304981	0.427728086	0.493316102	0.21786115	0.228629111	0.225339826	1.414213562	0	0	0	1.414213562
0.289190851	0.585748357	0.293709703	0.656131891	0.286511746	0.557695898	0.411919847	0.5978535	0.416115731	0.399930506	0.367847788	0.542320264	0.583491617	0.466449196	0.225506647	0.457986602	0.49950844	0.232356151	0.255106716	0.198430407	1.414213562	1	0	0	1.732050808
0.366684588	0.592167219	0.312216482	0.6558076	0.345869912	0.540936165	0.420388257	0.601140371	0.423414372	0.405665906	0.363841937	0.551231611	0.561310405	0.471044476	0.238873207	0.49750242	0.515376039	0.234351805	0.297459346	0.173176761	1.414213562	0	0	1	1.732050808
0.403587685	0.566730116	0.304019548	0.641972893	0.283935124	0.53132126	0.39752663	0.604530792	0.413092949	0.407108481	0.367885508	0.554528356	0.551333835	0.469974067	0.235191573	0.521087212	0.517949959	0.228346395	0.30857854	0.151566206	1.414213562	1.414213562	0	0	2
0.444275599	0.580175654	0.320713783	0.664475945	0.260844931	0.564886587	0.451747139	0.62819314	0.410097047	0.421384868	0.332547674	0.576651498	0.568422342	0.490480611	0.238124894	0.578552536	0.513270573	0.233150101	0.307215231	0.141948224	2.236067977	0	1	0	2.449489743
0.482116496	0.554958407	0.319419234	0.639812866	0.178553582	0.549926249	0.434657287	0.630839776	0.413803985	0.429716376	0.339274031	0.564342611	0.572874666	0.481453538	0.2344775	0.577640904	0.529967647	0.237704681	0.277174043	0.138456237	1.414213562	0	0	0	1.414213562
0.523764213	0.571981095	0.321363167	0.642666268	0.14689915	0.558749099	0.463601415	0.638345798	0.409913351	0.436294731	0.327485489	0.586395202	0.593906011	0.507237291	0.236777974	0.601148925	0.519836182	0.237167155	0.249051474	0.134720989	2	0	0	0	2
0.556047691	0.532883973	0.333451289	0.646085143	0.095365846	0.579558908	0.50393281	0.628790545	0.43113562	0.433526442	0.320264972	0.600038417	0.601212905	0.526094685	0.232703374	0.543658239	0.564590203	0.231986041	0.242758465	0.136852886	1.414213562	0	0	0	1.414213562
0.576028088	0.544301259	0.350204198	0.667304579	0.068774431	0.58606475	0.547374845	0.63421807	0.443765715	0.43040124	0.334356319	0.600253168	0.612229321	0.527802449	0.217973976	0.507120042	0.546461497	0.225870601	0.230644243	0.138019597	2	1	0	2	3
0.613834733	0.505654815	0.349765186	0.657989884	0.071417429	0.601593774	0.551689641	0.623772633	0.446386972	0.426779595	0.329653741	0.571086485	0.60958401	0.511508807	0.225743091	0.483038056	0.595037543	0.223757637	0.252624386	0.142295901	1.414213562	0	0	1	1.732050808
0.651440947	0.525020612	0.340981848	0.654120937	0.073100421	0.599097073	0.5458793	0.61805573	0.447744911	0.418910326	0.341597398	0.576253296	0.603095094	0.513821854	0.223908116	0.464572389	0.590274904	0.215988485	0.263637877	0.13477094	2.236067977	0	0	1.414213562	2.645751311
0.691854827	0.503551639	0.325659082	0.669463224	0.121179075	0.613456216	0.5000163	0.615466707	0.44480847	0.404104659	0.340676698	0.581791279	0.60750806	0.502123478	0.232526522	0.45589054	0.600559477	0.218389247	0.270027245	0.132312171	1.732050808	1.414213562	0	1	2.449489743
0.734633569	0.53182844	0.287536384	0.675886519	0.121693794	0.594256777	0.414686402	0.604344974	0.431571562	0.378390992	0.34371421	0.581620258	0.598503345	0.504711748	0.210203137	0.409272321	0.573907272	0.20735332	0.26103445	0.124746566	0	1	0	0	1
0.758327649	0.503913455	0.28247546	0.683286486	0.180522459	0.59112329	0.374659549	0.600971365	0.434031765	0.362581267	0.343913725	0.56342894	0.600627608	0.499111158	0.197891767	0.387250758	0.561153629	0.204763555	0.234273229	0.118389055	2.828427125	0	1	1.732050808	3.464101615
0.238327332	0.640833151	0.304782372	0.677355312	0.417901976	0.601987769	0.47797372	0.594972014	0.424679219	0.399275759	0.366381136	0.539530495	0.595539748	0.474312508	0.227157227	0.417594766	0.485338133	0.211974597	0.208940784	0.227794115	1	1	0	0	1.414213562
0.296558781	0.658918176	0.317616383	0.678916255	0.41055185	0.588937159	0.482749099	0.595208628	0.431497307	0.403283357	0.372801693	0.56096927	0.582908331	0.479814658	0.234014967	0.432076457	0.498164979	0.216261755	0.230104091	0.215069459	1	0	0	0	1
0.323585053	0.622535054	0.316532351	0.667670917	0.387723756	0.56717012	0.452146113	0.598894144	0.427492172	0.406448513	0.369989128	0.556435775	0.577255119	0.474162629	0.236265554	0.46433043	0.505014183	0.230251389	0.260881428	0.202716891	1	0	0	0	1
0.390859718	0.625378513	0.33543956	0.671583169	0.454823219	0.553414947	0.456667147	0.610639014	0.438259937	0.4051038	0.365766597	0.58363964	0.558608084	0.486327391	0.242450421	0.500886958	0.521703634	0.235190055	0.299983242	0.185052635	1	0	0	1	1.414213562
0.41912481	0.594536727	0.330136574	0.6623729	0.458279249	0.535752543	0.432732133	0.623738993	0.434121587	0.402031719	0.355255377	0.582449229	0.542807042	0.485033884	0.243891896	0.537173019	0.522319243	0.232951534	0.337183606	0.162191636	1.414213562	1.414213562	0	0	2
0.462420065	0.609277568	0.334114117	0.661866851	0.405017967	0.549761475	0.44728001	0.630785797	0.419362187	0.405842153	0.343973484	0.599881847	0.567309822	0.50535382	0.239424646	0.578353431	0.51236836	0.23278577	0.300847353	0.154377324	1.414213562	0	0	0	1.414213562
0.493228646	0.592254912	0.323852813	0.653387174	0.305531738	0.562480768	0.454462673	0.63277323	0.408488417	0.412130038	0.330192991	0.588831615	0.586191146	0.508209893	0.236844959	0.603171319	0.507319985	0.236364428	0.266529953	0.136849133	0	0	0	1	1
0.528978875	0.610035734	0.319244027	0.646366182	0.216752176	0.549667918	0.454834166	0.634832454	0.396855543	0.404485968	0.339259404	0.605412474	0.59861259	0.536876848	0.231540207	0.611062676	0.499254507	0.219951372	0.233158457	0.121813499	1.414213562	0	0	0	1.414213562
0.548569441	0.585011497	0.338644042	0.654793364	0.097120242	0.565157417	0.495143412	0.638037843	0.411517347	0.427897706	0.349476761	0.614565453	0.616113097	0.541219084	0.235141125	0.586497507	0.516569358	0.226647545	0.228175095	0.124965383	3	1	0	1	3.31662479
0.569919877	0.594631177	0.342300411	0.656202155	0.087780046	0.560406754	0.500409359	0.641811116	0.426873296	0.406680007	0.343905768	0.623034076	0.611190146	0.548943685	0.216386096	0.546369975	0.518025678	0.205398944	0.22402317	0.117070207	1.732050808	0	0	0	1.732050808
0.605938343	0.554826442	0.344654259	0.65462731	0.07731537	0.579116192	0.532170621	0.633638705	0.447991282	0.416400823	0.336179179	0.6004035	0.612673542	0.527164826	0.208125027	0.476310051	0.54492116	0.206960706	0.237904148	0.126132069	2	0	0	0	2
0.653241908	0.584739475	0.329190913	0.632244858	0.091799866	0.592991043	0.501763263	0.614258065	0.440544544	0.400362831	0.346171935	0.58406616	0.598441427	0.520225828	0.206863852	0.44300944	0.540619653	0.199553255	0.259330823	0.127330386	0	0	0	0	0
0.697935898	0.559415527	0.315217604	0.663338159	0.089748247	0.607008776	0.495693995	0.609596694	0.439421323	0.391383968	0.346525171	0.581567422	0.594326281	0.515835363	0.214152058	0.428030484	0.569673746	0.206153717	0.275193674	0.128734857	0	1	0	0	1
0.74862266	0.595088759	0.268812158	0.67040006	0.094815833	0.593533053	0.404498752	0.594105508	0.436628459	0.369280422	0.353229558	0.57512438	0.591481157	0.500991703	0.197516419	0.394234347	0.535431155	0.211517921	0.262396892	0.148642874	1.414213562	0	0	1	1.732050808
0.769065731	0.560734988	0.244376848	0.684526173	0.09530563	0.579805624	0.351392466	0.594466983	0.426945878	0.35862183	0.345694007	0.563448113	0.593957372	0.505078545	0.186032523	0.37874639	0.530846502	0.208353001	0.243243483	0.130094991	3	0	0	1	3.16227766
0.297876036	0.701600603	0.321369079	0.691039885	0.360189215	0.603433229	0.507959696	0.603615231	0.43881027	0.402924377	0.37649813	0.577998409	0.58822632	0.486495572	0.240550177	0.417805172	0.49677187	0.203606746	0.221238122	0.207099056	1.414213562	0	0	0	1.414213562
0.348100343	0.72972552	0.340293172	0.681389711	0.413307452	0.593406189	0.511056712	0.605670145	0.447919877	0.402417227	0.374637004	0.594668953	0.583795977	0.492189442	0.240820643	0.423241906	0.504414558	0.206772094	0.23293392	0.194788895	0	0	0	0	0
0.360622702	0.6702396	0.336092511	0.676271017	0.45067454	0.573641639	0.479705802	0.601099397	0.440040968	0.406027316	0.370706515	0.587451812	0.571245202	0.490206084	0.241345572	0.459852617	0.506081116	0.225375964	0.257888505	0.195909882	0	0	0	0	0
0.414220448	0.670808768	0.348087434	0.675156782	0.493326488	0.563656528	0.474126292	0.614365063	0.448035819	0.402497582	0.366197799	0.606048809	0.561552726	0.498923696	0.239796825	0.484714284	0.5084457	0.225100268	0.278421573	0.182086273	1.290994449	0	0	0.577350269	1.414213562
0.435802357	0.628121856	0.349870534	0.675616262	0.533046142	0.556923513	0.462347337	0.63187482	0.440211954	0.401870033	0.364129206	0.605047868	0.55294078	0.502593259	0.239582395	0.534855624	0.520964696	0.232968481	0.319387567	0.171736107	2	0	0	1	2.236067977
0.481611502	0.64333472	0.342277834	0.662405998	0.478125436	0.548281536	0.449602147	0.63491444	0.423022619	0.394280683	0.349616705	0.612921491	0.575981748	0.520265296	0.234915039	0.568229954	0.504184966	0.226518308	0.283964398	0.158107303	1	0	0	1	1.414213562
0.508450576	0.624205175	0.332306164	0.655481616	0.415022936	0.548425599	0.455177032	0.625628915	0.403645767	0.391901053	0.339795148	0.602425267	0.584703958	0.527027201	0.238365261	0.60563585	0.494658574	0.226183349	0.257708204	0.137516362	1.732050808	0	0	1.414213562	2.236067977
0.53690455	0.643885097	0.324126608	0.652778012	0.278386898	0.536549514	0.446660911	0.634534553	0.400697777	0.38099794	0.345092466	0.607359132	0.600178662	0.556150273	0.226491608	0.606419836	0.481681236	0.209966851	0.228179523	0.118711811	0	0	0	1.414213562	1.414213562
0.548516941	0.629172844	0.329540081	0.649617987	0.113590003	0.533633664	0.454756808	0.637599844	0.40046979	0.384252842	0.343491059	0.630782917	0.609829865	0.568388658	0.220297661	0.612210235	0.494991992	0.203864209	0.208601332	0.107652727	4.123105626	1	0	1.732050808	4.582575695
0.574420512	0.643171959	0.331833853	0.656117367	0.124597614	0.549742169	0.464870757	0.641903698	0.423551217	0.393100311	0.33822865	0.626833787	0.607877228	0.568684985	0.222680894	0.566380816	0.495757895	0.199183116	0.233690248	0.110470619	1.414213562	0	0	0	1.414213562
0.607996092	0.612919571	0.328421586	0.64729456	0.112096933	0.570762828	0.486085987	0.633175022	0.433151808	0.396038001	0.34486794	0.605986776	0.603628581	0.539983246	0.207934399	0.493672269	0.512526785	0.196129331	0.241080771	0.118991939	0	0	0	1	1
0.661224021	0.650677205	0.321867319	0.642832102	0.145696999	0.600557148	0.471940583	0.618692954	0.453354429	0.383012164	0.344311554	0.59939046	0.598529823	0.527172774	0.188815653	0.411428862	0.495691146	0.186000401	0.251079345	0.131272726	1.414213562	0	0	1	1.732050808
0.705524453	0.627806728	0.306377824	0.654155499	0.118681777	0.608394161	0.467316968	0.603630555	0.451433658	0.378014466	0.345841437	0.589937921	0.596860494	0.512155246	0.191467671	0.390550548	0.515557531	0.19453287	0.259274689	0.141536705	1.632993162	0.577350269	0	1.224744871	2.121320344
0.753800462	0.663164048	0.280084003	0.675410963	0.141300872	0.612669073	0.424047123	0.598419747	0.46043862	0.364929923	0.344294612	0.589868503	0.596704451	0.494995678	0.184340253	0.369126182	0.502152034	0.201767287	0.258332337	0.180762704	1	1	0	1	1.732050808
0.795582051	0.636327311	0.273146051	0.689658053	0.094616269	0.609673094	0.366770039	0.589544876	0.443555215	0.373650463	0.350828039	0.584094283	0.581417577	0.494947574	0.200163586	0.390350979	0.528010474	0.233956515	0.272106614	0.190624008	2.236067977	0	0	1.414213562	2.645751311
0.355447178	0.782735231	0.346382441	0.67397005	0.323555087	0.600467119	0.524814416	0.619231871	0.462706014	0.393701682	0.371547397	0.614750685	0.591949123	0.493429159	0.236323213	0.404270996	0.505025116	0.193657338	0.230467686	0.191354722	1	0	0	1	1.414213562
0.384468263	0.813494681	0.359274714	0.667649815	0.42245154	0.599975423	0.539400026	0.629769794	0.476236451	0.390563553	0.364102007	0.633692411	0.591672824	0.505777335	0.228051193	0.404552149	0.514028211	0.194039327	0.232945868	0.182278367	2.236067977	0	0	1.414213562	2.645751311
0.394770043	0.737251678	0.35184084	0.674899995	0.448042679	0.580509102	0.502194295	0.613562431	0.456908127	0.398960559	0.368104514	0.617482834	0.571046618	0.501778836	0.23619039	0.438445607	0.501142215	0.211087597	0.248058539	0.185739405	0	0	0	0	0
0.438717179	0.724779363	0.355525272	0.673909918	0.445982148	0.571605751	0.482894731	0.624133982	0.458333468	0.395750217	0.358628626	0.630486017	0.563467524	0.512830295	0.229258207	0.453421308	0.488054558	0.213668837	0.253227932	0.179409966	2	0	0	0	2
0.457537485	0.672309284	0.348972388	0.671653489	0.53350586	0.560119947	0.469311414	0.63337232	0.443184708	0.400222208	0.352158908	0.611723993	0.564650313	0.511018276	0.235339099	0.514880901	0.510450012	0.222729574	0.275852014	0.179003191	1	0	0	0	1
0.503649203	0.679200042	0.345196188	0.656003345	0.532493739	0.555065895	0.449271569	0.640138226	0.424774921	0.381915796	0.347131554	0.618845445	0.574113072	0.534351005	0.232360383	0.551874885	0.486943168	0.215969984	0.262773102	0.152210664	1	0	0	0	1
0.523264591	0.658834603	0.339054055	0.654180583	0.45130302	0.543249368	0.451292166	0.640338083	0.415611198	0.379137021	0.346159334	0.61279306	0.587321339	0.544828115	0.230638471	0.585702297	0.479729103	0.214645804	0.252458889	0.134558986	0	0	0	1	1
0.547206176	0.674504819	0.343003145	0.656074772	0.408309927	0.538243626	0.459284905	0.64377818	0.419191351	0.368895076	0.331426601	0.614619538	0.609302982	0.572159867	0.225137704	0.580384889	0.463791027	0.200159321	0.235880816	0.116089811	1.732050808	0	0	0	1.732050808
0.555970773	0.66171291	0.334292251	0.657132144	0.197208641	0.536561494	0.452889516	0.643706511	0.419329021	0.378687416	0.34817995	0.617100663	0.600596608	0.580393042	0.229047686	0.591632503	0.478796468	0.208969255	0.240283061	0.117932392	1	0	0	1.732050808	2
0.582302703	0.682635281	0.332726526	0.664506619	0.170930354	0.564271346	0.461198903	0.648042497	0.447231157	0.380781877	0.332535712	0.647667498	0.616073703	0.587503659	0.236001775	0.547075277	0.480107812	0.185677439	0.253022341	0.109603475	2.449489743	1	0	1.414213562	3
0.614094698	0.666542173	0.327466365	0.657115254	0.155688745	0.57737224	0.468960979	0.637014107	0.446418645	0.381345807	0.340740427	0.619915613	0.607883194	0.559120269	0.208873856	0.487134329	0.484093032	0.18545388	0.245721118	0.11533423	1.354006401	0.40824829	0	0.816496581	1.632993162
0.663525296	0.6972041	0.32626212	0.660679998	0.215104112	0.605173364	0.473835807	0.623253866	0.467937077	0.363878654	0.348295651	0.612331255	0.598573369	0.544500146	0.178432197	0.3905084	0.465715612	0.169363472	0.241357608	0.122402277	1	0	0	0	1
0.703886322	0.688185137	0.324276083	0.662831785	0.177362091	0.629326937	0.494090396	0.599322954	0.478184983	0.363093919	0.345822679	0.615889828	0.601365984	0.523477405	0.167078464	0.340511524	0.473258501	0.168223112	0.243622901	0.132179488	3.31662479	0	0	2.449489743	4.123105626
0.742165832	0.71382006	0.29415584	0.675266483	0.196149892	0.613396741	0.433960505	0.610848602	0.485886928	0.351289007	0.363832945	0.612945732	0.599173635	0.500691573	0.163823895	0.337069334	0.477307248	0.180621948	0.24741969	0.182010752	1.732050808	0	0	1.414213562	2.236067977
0.796670837	0.697024259	0.287066124	0.695953422	0.146061921	0.620148551	0.393517683	0.605168598	0.463423418	0.369050356	0.352351705	0.598998122	0.601033023	0.492536215	0.18647493	0.379491998	0.513040214	0.208366969	0.270718101	0.248026762	3	1	0	1.414213562	3.464101615
0.392035492	0.856602369	0.363152483	0.662223798	0.238181644	0.606311734	0.548793433	0.637330873	0.484506832	0.388543525	0.355008199	0.644923937	0.603554505	0.507338081	0.230243076	0.395366575	0.515382494	0.185988841	0.243291056	0.18601104	1.732050808	0	0	1	2
0.4139436	0.874722066	0.365078368	0.664354644	0.32943333	0.613498078	0.550188576	0.635011682	0.489558091	0.390042715	0.343259903	0.653259768	0.599334437	0.522989445	0.224841618	0.380622025	0.516740969	0.181706802	0.255295401	0.188546046	2.236067977	1	0	0	2.449489743
0.42398248	0.801309271	0.360977142	0.669234007	0.401475569	0.592826739	0.517103281	0.626847765	0.470330713	0.393634391	0.357087536	0.642463139	0.577610601	0.516780486	0.22518013	0.41524522	0.495688327	0.201450879	0.247700805	0.185635091	1.949358869	0.632455532	0	1	2.28035085
0.463777056	0.772661361	0.362073363	0.66801393	0.377123097	0.580601637	0.477764746	0.620046587	0.452171774	0.398481148	0.354045471	0.644165206	0.56154794	0.524926522	0.224318594	0.439268298	0.470879729	0.217178547	0.250543479	0.184071524	2.236067977	1	0	1.732050808	3
0.48175398	0.717868741	0.354634909	0.665164139	0.4908817	0.570511906	0.463735797	0.633729057	0.442704627	0.388222796	0.349763861	0.633408626	0.561671329	0.528154378	0.229323419	0.492137686	0.485236546	0.216320731	0.261414016	0.169895097	1.471960144	0.40824829	0	0.707106781	1.683250823
0.519607454	0.711510114	0.355158983	0.658497732	0.567204854	0.573056896	0.448240481	0.643942811	0.432262581	0.369059411	0.341717769	0.638820619	0.569537248	0.547595793	0.229618292	0.527212988	0.474149356	0.208316053	0.260534272	0.148670315	0	0	0	0	0
0.538385959	0.686629298	0.350901048	0.652622168	0.583047889	0.557226892	0.45951625	0.647791386	0.428014465	0.359268257	0.34260384	0.626100106	0.586051385	0.55064098	0.228313111	0.564804168	0.464271173	0.203300769	0.251450007	0.128467974	0	0	0	0	0
0.558106428	0.695069186	0.354456874	0.659709747	0.642864248	0.556327117	0.481656641	0.636108327	0.441764114	0.346085975	0.322596787	0.628822733	0.602523889	0.576592122	0.215347147	0.570359472	0.447901969	0.183467294	0.23097276	0.103020965	4.242640687	0	0	2	4.69041576
0.565778194	0.688511336	0.341743233	0.659482444	0.355651274	0.55319229	0.458951782	0.64402403	0.437108535	0.366370045	0.331068021	0.625544224	0.610249654	0.584777885	0.224904937	0.565748073	0.459890088	0.190871012	0.241824877	0.108367362	2.483277404	0.577350269	0	1.224744871	2.828427125
0.590128481	0.7100525	0.33827334	0.660689402	0.252133189	0.565969027	0.445532109	0.651251397	0.456099233	0.364230957	0.331382857	0.620591528	0.617406723	0.596980824	0.216021431	0.515869397	0.448862304	0.178611205	0.246644181	0.102187577	1.732050808	1	0	0	2
0.618040562	0.707007257	0.331196704	0.666099903	0.201912656	0.579816466	0.456733151	0.641938473	0.464554409	0.364366986	0.338337956	0.62099082	0.612056832	0.580546008	0.203959399	0.464788428	0.45522258	0.17182773	0.246388777	0.107324714	0	0	0	0	0
0.657838625	0.736275958	0.328350508	0.662289396	0.268750584	0.591359413	0.446820262	0.630001817	0.481308477	0.349656785	0.346849327	0.619298741	0.605283239	0.569487108	0.17188208	0.37933651	0.43910685	0.156164458	0.231663403	0.117072666	1.914854216	0	0.40824829	0.912870929	2.160246899
0.699238271	0.726301473	0.321270144	0.665443192	0.281547403	0.615001963	0.463949462	0.614908642	0.481801418	0.352048954	0.350901727	0.613395257	0.597762983	0.54191845	0.154066963	0.333784977	0.462295797	0.161066088	0.225740992	0.138473674	2.645751311	0	0	1	2.828427125
0.722127061	0.756894981	0.278827674	0.665800139	0.281721938	0.585746981	0.412264241	0.628105205	0.486980108	0.329867304	0.361434448	0.613470629	0.601351401	0.505438708	0.151744312	0.314058193	0.449690692	0.167748246	0.234515283	0.178931544	1	0	0	1	1.414213562
0.768453057	0.735177899	0.277646455	0.682449601	0.242353604	0.601761339	0.402763821	0.623898062	0.475122416	0.348556542	0.358229935	0.612003527	0.603448846	0.492165705	0.169994332	0.354715161	0.486379261	0.193864855	0.25511518	0.211267049	2	1	0	1	2.449489743
0.412614659	0.91205261	0.363778183	0.653177181	0.125192779	0.626069463	0.564870375	0.642552168	0.491252487	0.390371888	0.337358777	0.654068459	0.612923975	0.52480536	0.22041222	0.368287007	0.527569557	0.178246051	0.262041077	0.180029041	5.291502622	0	0	1	5.385164807
0.44859109	0.909134946	0.365435864	0.666619976	0.288860263	0.628116463	0.562814773	0.645919487	0.492859346	0.389066444	0.326214489	0.670926717	0.612737	0.533240241	0.211090163	0.368006101	0.493695966	0.17756991	0.27385401	0.209432837	3.224903099	0.447213595	0	0.774596669	3.346640106
0.454094927	0.85426817	0.364698803	0.667154323	0.387669025	0.609824195	0.527883374	0.63712185	0.476227578	0.394609422	0.342064181	0.663679813	0.587187597	0.532362552	0.216407759	0.398678691	0.485512933	0.195464463	0.265431564	0.200302395	0	0	0	0	0
0.488106703	0.819373812	0.364613158	0.666407292	0.418185663	0.607268461	0.487658944	0.640760821	0.463349523	0.396374321	0.345125807	0.669707951	0.560835144	0.542317706	0.217823021	0.426815509	0.471689688	0.212132851	0.278377448	0.198386788	1.732050808	0	0	1.414213562	2.236067977
0.501096929	0.756592889	0.361206246	0.659898883	0.452045984	0.589319516	0.455328427	0.635424407	0.446276637	0.383069085	0.352145742	0.657880018	0.552470641	0.542224337	0.226632004	0.467230798	0.472575453	0.21573089	0.270461924	0.173228936	1.414213562	0	0	0	1.414213562
0.527648375	0.739560653	0.359376545	0.66131501	0.57193503	0.596708968	0.427298453	0.642972407	0.448716253	0.366381193	0.351168548	0.65453641	0.546343484	0.558870871	0.223360868	0.499785831	0.46654989	0.20472774	0.272816807	0.148137508	1	0	0	0	1
0.544969109	0.709512371	0.355396815	0.658846027	0.6188293	0.577202371	0.448315284	0.643168515	0.438258915	0.350153043	0.336636334	0.63054944	0.578246936	0.563659513	0.223946074	0.543575548	0.457124558	0.196996087	0.248244334	0.123181588	1.957890021	0	0	0.816496581	2.121320344
0.561571319	0.715446402	0.351432566	0.660689968	0.562295105	0.58176811	0.429029176	0.644591126	0.442439425	0.347948046	0.333191862	0.63903855	0.586401015	0.582822467	0.216618554	0.539878464	0.450026894	0.181900694	0.242968556	0.103766644	2	0	0	0	2
0.574507072	0.710631076	0.345790023	0.659775672	0.46404435	0.570383054	0.437649153	0.64256013	0.441588446	0.355298364	0.328572168	0.638162072	0.60459867	0.593589995	0.21881931	0.539953547	0.449295719	0.176189363	0.245011304	0.101315005	2.449489743	0	0	0	2.449489743
0.596113952	0.7319391	0.335039897	0.657622959	0.304623622	0.570476848	0.410307565	0.652507712	0.459265068	0.349848833	0.329851136	0.621927441	0.608668688	0.598475238	0.202678165	0.486943125	0.433254951	0.170398875	0.242139456	0.101343832	1.732050808	0	1	1	2.236067977
0.619183443	0.739486315	0.332143821	0.653893	0.212764943	0.569412287	0.417050376	0.645729166	0.477430313	0.347249272	0.337062006	0.617415552	0.611653209	0.599726358	0.196548775	0.439929079	0.424653784	0.160431546	0.242645658	0.098179768	2.645751311	0	0	1	2.828427125
0.649523405	0.76690908	0.32957489	0.660255516	0.290326502	0.569969252	0.412191241	0.634839208	0.491094071	0.337891987	0.35078862	0.617397471	0.611027287	0.583183549	0.160154851	0.368057809	0.403498224	0.145944679	0.21848215	0.115360412	1.414213562	0	1	1.414213562	2.236067977
0.689203199	0.762867414	0.318614287	0.662679159	0.410466371	0.597568576	0.448836928	0.625938401	0.502626163	0.337164307	0.353581475	0.636193486	0.604248188	0.556222367	0.151083174	0.315606965	0.43791877	0.144990079	0.223583739	0.139305467	2.236067977	0	0	1	2.449489743
0.70552599	0.804321539	0.286049633	0.657483508	0.371112289	0.577545772	0.421543464	0.639741425	0.510707447	0.322115557	0.359599086	0.626612449	0.615737155	0.52100674	0.15012893	0.291056718	0.428724791	0.156633765	0.242634001	0.208948826	3.31662479	0	0	0	3.31662479
0.738738906	0.775449218	0.263252667	0.670612303	0.305370243	0.581022976	0.40894243	0.629895732	0.497359456	0.330151751	0.350115186	0.615758824	0.612369349	0.50048004	0.154947539	0.320681991	0.453058064	0.176878906	0.246278374	0.207119514	1.732050808	0	0	0	1.732050808
0.465624186	0.932568322	0.360996715	0.664289547	0.161757096	0.635807085	0.576549992	0.648419278	0.493211099	0.383811136	0.319777906	0.681073464	0.619575354	0.534316664	0.204105396	0.349734483	0.473755499	0.168782464	0.297645099	0.23837792	3.464101615	0	0	1	3.605551275
0.470461732	0.921765137	0.364443689	0.666792632	0.368808025	0.63633628	0.563120616	0.646605802	0.488338674	0.394373913	0.316839283	0.677175644	0.616449057	0.541622565	0.207485362	0.370502381	0.475287856	0.177720185	0.288273204	0.220640388	2.449489743	0	0	1	2.645751311
0.480055856	0.890549846	0.365537099	0.667278378	0.464476111	0.626281517	0.537343782	0.643262264	0.477531099	0.397445631	0.330075685	0.680941507	0.59549035	0.545325335	0.210120822	0.391595865	0.469418152	0.189120469	0.284096433	0.221409854	1	0	0	0	1
0.494065812	0.841636737	0.36484498	0.666089969	0.482400891	0.622638974	0.489134964	0.645253069	0.472412937	0.38960048	0.339206817	0.681805904	0.564252071	0.553164411	0.218081437	0.419253565	0.472370622	0.195670399	0.288921523	0.198972189	1.732050808	0	0	1	2
0.511569952	0.781932156	0.363313642	0.664338808	0.471707255	0.617151564	0.433186438	0.647133287	0.461427887	0.376542667	0.350147057	0.686789514	0.53248197	0.563171345	0.227122823	0.452472738	0.470633122	0.197347545	0.293026594	0.176309444	2.236067977	0	0	1	2.449489743
0.531374336	0.757065931	0.360410143	0.66270382	0.60935996	0.617821633	0.399559419	0.635668093	0.460551274	0.363463782	0.365788018	0.669998206	0.516520107	0.56903884	0.218174567	0.485202126	0.465003039	0.198032161	0.287333051	0.14688171	2	0	0	1.414213562	2.449489743
0.547748964	0.73056463	0.355614464	0.66118808	0.607206213	0.597402065	0.407331201	0.646674578	0.446111273	0.352844305	0.355099079	0.648609703	0.551538403	0.568660797	0.217038942	0.520406751	0.458918261	0.192926576	0.261510633	0.121514139	0	0	0	0	0
0.563809306	0.730644398	0.348353546	0.6628673	0.523656538	0.592179183	0.397994426	0.646243333	0.443131007	0.348502894	0.343472946	0.644482131	0.571116371	0.580798643	0.211234246	0.515519912	0.453707166	0.180122426	0.25202669	0.105888917	1.414213562	1	0	1	2
0.578440084	0.728222296	0.337999125	0.655921542	0.440646902	0.575869366	0.398481101	0.64713775	0.443559369	0.349174982	0.334471425	0.63551252	0.580650298	0.587644449	0.208158699	0.510471771	0.445237697	0.172676568	0.243110265	0.099095977	1.732050808	0	0	0	1.732050808
0.600399508	0.744856122	0.326296175	0.657484046	0.389171469	0.566543328	0.387935425	0.652546642	0.463659095	0.335962147	0.341340448	0.621776852	0.598128354	0.587832967	0.193066975	0.464543311	0.426187397	0.167626814	0.236493752	0.107163979	2	0	0	0	2
0.621247758	0.754749501	0.322549576	0.657828172	0.287015845	0.564793354	0.399552476	0.651185179	0.473949623	0.332257792	0.344669603	0.612043981	0.608762659	0.59730431	0.178376628	0.424282254	0.414801013	0.15859746	0.227412466	0.107291484	1	0	0	1	1.414213562
0.650555517	0.777644682	0.317281153	0.660216525	0.393107937	0.566844926	0.410258072	0.641022053	0.492684073	0.327553519	0.356715924	0.611750566	0.604944142	0.578587698	0.160294953	0.362965485	0.400956439	0.148918847	0.227999387	0.130703243	1.732050808	0	0	1	2
0.680529624	0.790785694	0.309561355	0.661517868	0.439359326	0.578189749	0.427119187	0.635721925	0.510316833	0.325704294	0.360668988	0.620971062	0.612211685	0.55071017	0.152769771	0.317471421	0.412681038	0.147919101	0.233496685	0.164586639	0	0	1	1	1.414213562
0.699001076	0.819032583	0.306600032	0.663582608	0.534017775	0.585434997	0.443461816	0.637349395	0.535106326	0.316979845	0.368685466	0.636705879	0.616404753	0.538813229	0.156969887	0.296194292	0.421139951	0.151232055	0.256016861	0.21070239	2.236067977	0	0	1	2.449489743
0.719929827	0.797945756	0.286493496	0.666308218	0.411362555	0.585091479	0.426627495	0.635283041	0.515294533	0.32492318	0.358147862	0.628049844	0.615894803	0.520121738	0.155024323	0.304234133	0.438939492	0.163475514	0.249669479	0.212439272	2.516611478	0	0	0.577350269	2.581988897
