Y	X	lane	road	fence	bus	large.truck	D.Urban	D.agri	D.forest	D.grass	D.wetland	D.bare	D.water	A.Urban	A.agri	A.Grass	A.wetland	A.bare	A.water	adult	sub-adult	juvenile	non-identification	PA
0.399840132	0.897777763	0.366539384	0.666605199	0.070131534	0.640042469	0.576455797	0.638300272	0.490918042	0.375540187	0.344506792	0.65687873	0.619663766	0.518105929	0.221704648	0.355807995	0.526096944	0.174355309	0.269017536	0.1874609	5.291502622	0	0	1	5.385164807
0.386330703	0.855516003	0.356822132	0.671896351	0.24729627	0.629265978	0.548818964	0.634858842	0.483430124	0.389841714	0.349590875	0.649857046	0.604817555	0.51226375	0.226792661	0.372531294	0.520993264	0.181732545	0.257643187	0.199857593	0	0	0	1	1
0.33962276	0.802728096	0.340535479	0.685571939	0.279485841	0.632879925	0.538502086	0.627260083	0.467327359	0.39248112	0.355872341	0.634057446	0.601262453	0.508760903	0.234488167	0.38076127	0.516346683	0.185909504	0.246220056	0.213418289	1	0	0	0	1
0.299911402	0.739360779	0.320408044	0.680256138	0.274985558	0.622617494	0.501364266	0.612748361	0.445120633	0.399719016	0.364762924	0.607223068	0.596652814	0.494143548	0.234028386	0.395140889	0.50460063	0.201905095	0.236184139	0.23805041	2.872281323	0.866025404	0	1.58113883	3.391164992
0.222283891	0.672012807	0.292294059	0.676550337	0.105895993	0.628167313	0.466537568	0.597245321	0.412634459	0.398758031	0.380557465	0.583025996	0.602999557	0.484732425	0.234348846	0.396689793	0.485879474	0.209334643	0.223951549	0.276989557	4.123105626	1.414213562	0	2.449489743	5
0.231090518	0.635313956	0.301526095	0.670686416	0.158046439	0.599639934	0.454314789	0.600302691	0.424928073	0.391575788	0.349581965	0.54330477	0.603793654	0.464858532	0.226159604	0.410078299	0.490545429	0.212431134	0.211651776	0.225132163	3.16227766	1	0	2	3.872983346
0.230187856	0.603039556	0.295872011	0.668999934	0.280652912	0.597773809	0.450917947	0.600375841	0.425543303	0.390170392	0.354685399	0.546072623	0.602195958	0.470044589	0.22707465	0.416278708	0.50473968	0.213750115	0.212990529	0.222470327	1.58113883	0.5	0	1.118033989	2
0.2233452	0.54348986	0.306125141	0.668475356	0.4960248	0.592116601	0.452842037	0.606339765	0.429232871	0.385415083	0.358567412	0.540024957	0.604461922	0.476448803	0.222762944	0.432472363	0.528971014	0.218508417	0.203964066	0.190671599	0	0	0	0	0
0.195969141	0.464502164	0.310932986	0.671705877	0.49371881	0.59199742	0.448174146	0.619100344	0.436441742	0.382096033	0.353794087	0.553462492	0.626355962	0.487178984	0.215763875	0.445232913	0.565529771	0.22406101	0.193741775	0.173400574	0.707106781	0.5	0	0	0.866025404
0.17490325	0.394332558	0.319801351	0.676964751	0.517337183	0.59454921	0.456266738	0.631415043	0.446812308	0.379150931	0.348313962	0.572133656	0.639385209	0.503610334	0.211372153	0.455386287	0.603923711	0.232025491	0.189273857	0.15489889	1	0.707106781	0	0	1.224744871
0.145211683	0.328333065	0.321096791	0.680595585	0.315842193	0.599203655	0.455577074	0.638987433	0.449908943	0.387794973	0.339571572	0.599126016	0.648861916	0.520155572	0.206732959	0.469432969	0.627888084	0.235117045	0.178464621	0.147037869	2.309401077	0.816496581	0	0.816496581	2.581988897
0.128169913	0.304216897	0.331229991	0.686851452	0.21672317	0.604483201	0.47249104	0.648136438	0.464979198	0.383075721	0.33398421	0.627646909	0.65806393	0.531074286	0.201626552	0.454201983	0.636324956	0.233182033	0.172900578	0.145744363	1.732050808	0	0	1	2
0.095273892	0.284770466	0.352835316	0.699297277	0.05807057	0.608704921	0.483150522	0.65143591	0.454795282	0.384328212	0.323050486	0.643173438	0.650144079	0.540016955	0.199694063	0.45831929	0.65320853	0.219704961	0.158576335	0.128216716	5.196152423	1	1	2.236067977	5.830951895
0.117594712	0.236020768	0.337916598	0.669186152	0.050950257	0.603897885	0.438516357	0.640704092	0.418396408	0.41688099	0.33104828	0.606244236	0.660725334	0.522795683	0.21604285	0.54921786	0.636267329	0.218538845	0.157253606	0.155093077	2.645751311	2	0	1.732050808	3.741657387
0.096311889	0.217087089	0.352879229	0.664692168	0.015666876	0.637033272	0.449686349	0.631758458	0.410709506	0.438675756	0.334894558	0.542037905	0.657769141	0.525434322	0.237749731	0.656034601	0.62287726	0.226155529	0.154233794	0.165752222	4.242640687	1.414213562	0	3.31662479	5.567764363
0.407810303	0.861313392	0.357314597	0.659662287	0.152200478	0.619605322	0.53608708	0.635879509	0.480193612	0.393725358	0.350605257	0.650143607	0.601004304	0.517070612	0.22691434	0.383179573	0.515995319	0.187841333	0.262996348	0.194328247	3.511884584	0	0	0.816496581	3.605551275
0.40814358	0.822788801	0.350156144	0.663136327	0.307212721	0.609753852	0.51532111	0.633688404	0.472516293	0.407593587	0.354090507	0.639915559	0.585525796	0.511702023	0.232759312	0.408920378	0.513447009	0.201762052	0.25878927	0.198308633	2.19089023	0.447213595	0	1	2.449489743
0.368046323	0.819039427	0.349615299	0.683423255	0.540912668	0.630239512	0.542638326	0.628499301	0.481667844	0.405695604	0.343937017	0.629446363	0.595893478	0.508646848	0.233182373	0.394903043	0.517846043	0.196097105	0.246442361	0.207703667	3.464101615	1	0	1.732050808	4
0.351587527	0.739704755	0.325399736	0.674982536	0.336787536	0.604893514	0.493360773	0.61656154	0.446020019	0.410336472	0.359441823	0.604168625	0.585431569	0.493883797	0.234725286	0.424871522	0.508468166	0.211077873	0.245558434	0.211423001	1.788854382	0.447213595	0	1	2.097617696
0.281749214	0.679720836	0.309269278	0.673934471	0.199887916	0.60669321	0.472116722	0.600133622	0.431414452	0.399570817	0.36755776	0.576777075	0.587596144	0.481511155	0.232991466	0.407338442	0.49443072	0.213603089	0.230998735	0.234410088	1.732050808	0	0	1	2
0.290262949	0.633569106	0.302740521	0.665590341	0.272190488	0.585870108	0.449401793	0.604209974	0.420812447	0.400412812	0.361910603	0.551992433	0.587239718	0.469654831	0.233234387	0.436185942	0.500496134	0.220100458	0.231776406	0.207793269	1.673320053	0.447213595	0	1.095445115	2.049390153
0.25253612	0.594489451	0.301466455	0.664734644	0.362722149	0.589082704	0.44816219	0.601232735	0.424182238	0.391890574	0.357964402	0.543473577	0.594972115	0.469061285	0.230542591	0.430318683	0.510971335	0.217379049	0.219446812	0.20457949	0	0	0	1	1
0.251241232	0.539295646	0.317231155	0.667597533	0.602913841	0.58493966	0.458542917	0.610247028	0.434040057	0.383868963	0.3618444	0.546985007	0.60456606	0.478996666	0.227162742	0.444899045	0.537598407	0.221002389	0.21461677	0.176770921	0	0	0	0	0
0.205663473	0.475619014	0.32411706	0.67260282	0.64467585	0.590194245	0.460570732	0.620571171	0.442886367	0.375510217	0.356336226	0.551251255	0.625078438	0.484083102	0.216790139	0.439421536	0.564508561	0.220897816	0.196324189	0.165326499	1	0	0	0	1
0.191746447	0.40405256	0.331905592	0.679505783	0.657687832	0.595881161	0.476279044	0.635205179	0.456402086	0.372866036	0.346364197	0.575792552	0.630866599	0.506178322	0.218021375	0.446413623	0.61610926	0.228036442	0.203065438	0.151334854	1	1	0	0	1.414213562
0.158857477	0.336803311	0.321403218	0.682663453	0.448448804	0.598463508	0.460526186	0.637354599	0.454374505	0.37934113	0.3421931	0.594937713	0.648347689	0.519003004	0.204454943	0.462541671	0.629183835	0.244208159	0.186583578	0.14605433	2.061552813	0.707106781	0	0.707106781	2.291287847
0.146933818	0.301160259	0.322097642	0.684927841	0.450394836	0.60427593	0.457105007	0.638007501	0.453501686	0.376298804	0.339882906	0.607019645	0.65399611	0.524925292	0.194830317	0.473450197	0.630592602	0.267851416	0.176284125	0.141849791	3.464101615	1	0	1	3.741657387
0.136220979	0.27475632	0.318894103	0.681405206	0.188688873	0.590731909	0.438160582	0.64179313	0.433565834	0.396756939	0.334575792	0.608166178	0.660271256	0.519887731	0.200755197	0.486754396	0.633124386	0.232365643	0.165907511	0.154611279	2.236067977	1	0	1	2.645751311
0.177730743	0.238966707	0.293660433	0.637326642	0.081210728	0.571392028	0.38050528	0.639494612	0.409770837	0.426371227	0.327763952	0.585122455	0.638905792	0.49667817	0.215798652	0.522695549	0.623366151	0.224133999	0.184580372	0.170987231	3.605551275	1	0	1.414213562	4
0.149395651	0.196863535	0.31949843	0.652173679	0.029651971	0.595160216	0.392089427	0.639290889	0.404563854	0.439538431	0.33010816	0.576255174	0.644041553	0.499275293	0.242735911	0.606881208	0.620282513	0.224554509	0.174949308	0.169584654	2.828427125	0	0	1	3
0.434187384	0.81724029	0.344076443	0.642395251	0.155667477	0.588488938	0.477134152	0.636963633	0.461298351	0.416550168	0.358579069	0.635225978	0.574020723	0.519612085	0.235527839	0.434178134	0.497550793	0.212744578	0.264348589	0.190121151	3	0	0	0	3
0.446062629	0.769092271	0.342264748	0.652238557	0.237020875	0.581825944	0.461681815	0.630220323	0.451190871	0.414875452	0.367377841	0.635328251	0.557112717	0.515811458	0.235708678	0.457667543	0.49273293	0.221511293	0.258617691	0.186491354	1.414213562	0	0	0	1.414213562
0.408947919	0.768179563	0.338124429	0.666533644	0.3776995	0.596339648	0.49117047	0.628832124	0.454515443	0.415395043	0.355365301	0.621811762	0.576454386	0.502170617	0.235747066	0.442269258	0.51646214	0.216513143	0.257597558	0.19531374	1	0	0	1	1.414213562
0.40370473	0.698319108	0.311664697	0.666210312	0.248455959	0.575564531	0.457180685	0.613809208	0.421262587	0.422085613	0.361142801	0.597248266	0.570340296	0.495369807	0.237332979	0.491805926	0.499623114	0.224065026	0.255350635	0.175423009	0	0	0	0	0
0.348658175	0.670154507	0.308521799	0.665800288	0.255979397	0.579092743	0.454182305	0.609860519	0.421587078	0.413741154	0.364458372	0.571783634	0.57689523	0.47886179	0.235263957	0.45877883	0.501439253	0.225045885	0.248175316	0.198012006	0	0	0	0	0
0.360224363	0.617325346	0.302176687	0.656696608	0.319670341	0.553940856	0.423980149	0.613289188	0.412023565	0.412479495	0.368936228	0.552286574	0.569168889	0.465985387	0.233868174	0.481200851	0.501861169	0.22798866	0.255219233	0.178010375	1.095445115	0.447213595	0	0.894427191	1.483239697
0.304095902	0.582357435	0.306071678	0.664643026	0.449265786	0.571244509	0.441650939	0.608641104	0.42132343	0.396130998	0.370199546	0.546926201	0.587565383	0.468449438	0.232079608	0.4571453	0.517518623	0.221571887	0.234185993	0.181528693	1	0	0	0	1
0.304967428	0.536315285	0.322730217	0.668279369	0.665043492	0.57106976	0.457292269	0.613004781	0.442496075	0.386231008	0.367560563	0.557080287	0.591685586	0.48059644	0.231696875	0.462598046	0.54668261	0.219217732	0.23814155	0.162880564	1.414213562	0	0	0	1.414213562
0.233851746	0.486307883	0.334361609	0.672712533	0.75364859	0.584955962	0.473262198	0.624772591	0.45153353	0.372964535	0.35820158	0.552831786	0.625524901	0.483861103	0.222343031	0.44459856	0.567926079	0.214589137	0.209011621	0.157557209	2.236067977	1	0	2	3.16227766
0.241202003	0.407868336	0.328533436	0.679303549	0.731539348	0.581769371	0.457198489	0.629362873	0.45422813	0.375450756	0.355083071	0.571594409	0.616483416	0.500078987	0.219983617	0.450247894	0.612608395	0.229503339	0.217159757	0.154261967	0	0	0	0	0
0.190420621	0.341687719	0.309698148	0.687012654	0.570263634	0.589376466	0.453544173	0.6312937	0.450632121	0.374892891	0.349493977	0.577360164	0.633346534	0.508406909	0.204763766	0.458843849	0.636246426	0.245407864	0.198111512	0.150749222	1	0	0	0	1
0.21216573	0.301539279	0.288039023	0.682406338	0.434457669	0.592862494	0.421026198	0.629671918	0.428858672	0.389776806	0.352981461	0.567749045	0.627254627	0.502323464	0.208345599	0.483314823	0.636269209	0.235594082	0.195757117	0.147947766	1.732050808	0	0	1.414213562	2.236067977
0.187482869	0.264803234	0.295237559	0.674648575	0.269516784	0.590212976	0.422049216	0.629925982	0.425137522	0.415082162	0.340373852	0.579557956	0.637048698	0.501813459	0.216170502	0.511254067	0.628360147	0.232455112	0.189034831	0.162018127	1.732050808	0	0	0	1.732050808
0.233541546	0.241325685	0.281099323	0.662034833	0.123141619	0.59136708	0.401236624	0.603337235	0.397654517	0.420323263	0.366087529	0.555592724	0.608613622	0.464505824	0.232491865	0.507083812	0.627287705	0.215504871	0.208798963	0.169983286	3.741657387	1	0	1.732050808	4.242640687
0.205910564	0.188640234	0.246643912	0.637861357	0.044373616	0.565669152	0.337759243	0.61073674	0.389670539	0.425803055	0.336135937	0.546179609	0.624944866	0.467198411	0.237722041	0.556401526	0.60942683	0.238481351	0.194729884	0.191073411	2.828427125	1.732050808	0	1.732050808	3.741657387
0.475793713	0.764197826	0.346985778	0.649752674	0.111692015	0.567535976	0.441118456	0.62964211	0.44195991	0.417177283	0.364300435	0.637822363	0.559045053	0.526352967	0.229283272	0.469608711	0.474189474	0.229778566	0.258453892	0.177996132	1.414213562	0	0	1.414213562	2
0.480241358	0.725611849	0.336668576	0.643884657	0.119181026	0.548317328	0.413534167	0.619568203	0.425570399	0.411025286	0.372214895	0.634279303	0.56040088	0.526951774	0.229585749	0.501840833	0.469305557	0.22451432	0.24519713	0.158617619	1.732050808	1	0	1	2.236067977
0.447134073	0.715138342	0.321903995	0.647370445	0.201852397	0.562687257	0.437542742	0.618131329	0.422272515	0.42205548	0.365280178	0.6160201	0.564381017	0.510595417	0.236617071	0.508727332	0.491749949	0.228432971	0.256053181	0.171831321	1	0	0	0	1
0.44937752	0.660076506	0.29850506	0.645429776	0.152731186	0.545735213	0.40845067	0.612577091	0.390397612	0.42384685	0.365202286	0.581590523	0.563351881	0.50119859	0.238487723	0.564360526	0.485752004	0.232342047	0.265083459	0.145920175	1.414213562	0	0	0	1.414213562
0.408119417	0.640462754	0.299195946	0.650101601	0.21561205	0.545908002	0.414074241	0.616054005	0.400068145	0.425768677	0.36520714	0.561531648	0.563352764	0.476760563	0.235678113	0.524803401	0.492300089	0.23633675	0.268554441	0.161481348	1	1	0	0	1.414213562
0.415974886	0.60130532	0.300706131	0.647475337	0.29334076	0.522128463	0.391433652	0.621848154	0.404237032	0.41910659	0.370943105	0.543278249	0.550045955	0.453956974	0.230813655	0.516760281	0.490731746	0.229190281	0.273364083	0.155156068	2	1	0	2	3
0.368350201	0.577904945	0.311382279	0.658243071	0.49336693	0.548701179	0.427388346	0.61766856	0.425611058	0.406124753	0.371317586	0.551901469	0.565807214	0.468192179	0.231643392	0.486807699	0.51981432	0.223850544	0.260364613	0.170383652	0	0	0	0	0
0.372281396	0.53341342	0.324878223	0.66530563	0.68341926	0.554839096	0.439740009	0.620165954	0.44064613	0.386551087	0.361494856	0.561432275	0.567042665	0.475850294	0.228720958	0.483057004	0.540053375	0.218188538	0.267649759	0.159411627	1	0	0	0	1
0.306074457	0.475767062	0.332796652	0.675428237	0.773892498	0.571028928	0.453330302	0.621758634	0.452446804	0.376820039	0.36098277	0.566840213	0.593256206	0.488016637	0.226959421	0.459106372	0.575399964	0.218722208	0.243932995	0.155750435	1.290994449	0.707106781	0	1	1.779513042
0.321820343	0.412526476	0.33677099	0.686427485	0.812178612	0.575758106	0.446810193	0.631209645	0.456366304	0.372269143	0.36115931	0.586091832	0.598012985	0.497780821	0.224137647	0.456439796	0.608733849	0.21835679	0.244058621	0.153674304	1.414213562	0	0	1.414213562	2
0.257268588	0.347554756	0.31259419	0.686816785	0.658127995	0.585807027	0.445336088	0.631735679	0.444732465	0.376807077	0.357244454	0.580014296	0.617374541	0.501517322	0.214802746	0.457443261	0.635550049	0.22794858	0.211615149	0.150414164	1	0	0	1	1.414213562
0.280312854	0.295308364	0.303408657	0.679201749	0.585740663	0.596583037	0.440173986	0.629462086	0.431704454	0.385767876	0.360430019	0.57589351	0.621663128	0.504546417	0.218313199	0.476531479	0.628975238	0.220326298	0.204907536	0.155257649	0	1	0	0	1
0.237936177	0.255129792	0.286243086	0.674234537	0.369234882	0.598486821	0.423206044	0.6171446	0.425029436	0.405376421	0.352235624	0.55581734	0.628950234	0.494230625	0.22106194	0.512133691	0.623455486	0.222977687	0.203759315	0.158604533	2.645751311	0	0	2	3.31662479
0.27150446	0.233669436	0.287613086	0.665425515	0.276270279	0.591951605	0.416183056	0.60653057	0.410067879	0.414741374	0.363139298	0.549315679	0.612097129	0.48330276	0.241416755	0.527020024	0.619381428	0.222613411	0.206713609	0.174591407	1	0	0	0	1
0.250794383	0.207918157	0.282475511	0.649391234	0.099392718	0.590596689	0.397626409	0.593689308	0.392856346	0.434041433	0.370725548	0.536912201	0.585698678	0.467050011	0.25329424	0.564346083	0.613155931	0.219803017	0.216304629	0.184528631	2.645751311	1.414213562	0	2	3.605551275
0.505449609	0.733910131	0.346763702	0.65290369	0.068527648	0.552643238	0.400226767	0.626643106	0.42400048	0.405303335	0.35787978	0.636989446	0.564766633	0.551097711	0.222540694	0.496515637	0.455466853	0.228169389	0.244328639	0.155128307	2.645751311	0	0	1.414213562	3
0.517551667	0.708049255	0.332214012	0.646242054	0.087961487	0.545557688	0.38666116	0.631657188	0.416794721	0.393281073	0.361781389	0.633497832	0.57364382	0.554651846	0.226983472	0.54595301	0.466780659	0.213520425	0.247887246	0.134474033	1.732050808	0	0	0	1.732050808
0.489069656	0.684361567	0.309037645	0.638727063	0.123296629	0.542119236	0.392686779	0.621096618	0.398386757	0.40751108	0.368951793	0.609144541	0.569297695	0.530097581	0.231093239	0.566748467	0.473938738	0.222990188	0.250373105	0.139041058	1.683250823	0.577350269	0	0.816496581	1.957890021
0.495408557	0.651222796	0.282683248	0.621194782	0.1277247	0.533067679	0.365662892	0.623544597	0.371815712	0.406457219	0.374357436	0.579083622	0.568504711	0.526221959	0.229951508	0.617201491	0.470375975	0.222261795	0.247474578	0.124347367	2.449489743	0	0	1.732050808	3
0.453449094	0.622206666	0.283168806	0.627725305	0.17229712	0.529876808	0.379397377	0.622205075	0.377428058	0.420962984	0.359243582	0.561098085	0.555072334	0.483040682	0.231646256	0.582672392	0.481826288	0.232849516	0.291588093	0.137888242	2.236067977	1.414213562	0	1.414213562	3
0.464421042	0.605192011	0.322222661	0.649404825	0.324603317	0.534760319	0.42447722	0.628570278	0.410163548	0.408037924	0.359153758	0.560903527	0.567368368	0.478498746	0.231616481	0.56468706	0.485347281	0.218360795	0.262288197	0.131273934	2	0	0	1	2.236067977
0.425875999	0.579822437	0.323438344	0.658724849	0.518527345	0.540124567	0.432573376	0.625919006	0.423670826	0.405174417	0.3591996	0.556653794	0.558713683	0.471184312	0.229130171	0.521403525	0.513680421	0.220961358	0.270151474	0.159925612	1	0	0	0	1
0.434836335	0.544617015	0.344647342	0.674461337	0.748177253	0.55642784	0.461039535	0.626403189	0.441518708	0.384231239	0.351985777	0.579426839	0.554964791	0.48733031	0.232552609	0.518663537	0.531558834	0.218271956	0.289944991	0.151547093	1.341640786	0.774596669	0	0.632455532	1.673320053
0.384249782	0.487496781	0.341012259	0.681979729	0.83568221	0.557467448	0.444996406	0.616929271	0.460511188	0.374417165	0.360528456	0.575800557	0.565084136	0.485830141	0.227869579	0.475940836	0.558651542	0.214881457	0.282404953	0.153408869	0	1.414213562	0	0	1.414213562
0.402927669	0.427715291	0.354555683	0.696869146	0.87667518	0.58311863	0.475062105	0.643102506	0.465113133	0.372918751	0.350407861	0.600102536	0.584863652	0.508192912	0.230865246	0.468997586	0.603056557	0.212127092	0.270929672	0.15193834	1.414213562	0	0	1	1.732050808
0.334859063	0.351286761	0.33898036	0.695159844	0.802248232	0.591698588	0.474688523	0.637753363	0.449150892	0.380151188	0.351771399	0.598196932	0.608182215	0.504882943	0.230029967	0.465090992	0.626854592	0.216097046	0.231532681	0.157351434	1.732050808	0	0	0	1.732050808
0.360790494	0.290070467	0.343306187	0.69201539	0.769388202	0.611469604	0.483457073	0.629590602	0.447606063	0.393303836	0.346566972	0.587449965	0.614258067	0.508347369	0.236102799	0.488552119	0.619805403	0.218092875	0.21921971	0.165993802	0	1	0	1	1.414213562
0.307872248	0.248200137	0.313889166	0.677594307	0.555288846	0.604181112	0.448752357	0.620339997	0.433308072	0.402849511	0.355314641	0.566968244	0.619284007	0.497496635	0.235181799	0.513098523	0.619779211	0.219169292	0.20404599	0.169291527	0	0	0	0	0
0.35015381	0.222468945	0.317247043	0.660220184	0.495802491	0.596646375	0.446492985	0.610506395	0.432104106	0.416721486	0.352652601	0.55463073	0.627852819	0.502099137	0.256522405	0.540974741	0.610836164	0.22373632	0.207176919	0.180764046	1.095445115	0.632455532	0	0.632455532	1.414213562
0.30351835	0.218180495	0.295961166	0.652798947	0.263318409	0.583406009	0.417887065	0.60549272	0.413493716	0.423080604	0.358663765	0.546708618	0.617592897	0.494566602	0.258724802	0.548352969	0.611597309	0.224148326	0.206786407	0.181339759	1	0	0	1	1.414213562
0.540627118	0.72825415	0.345432856	0.654493356	0.063163475	0.561439307	0.37853593	0.646250471	0.433137446	0.38143444	0.348058225	0.647163847	0.578886007	0.578162792	0.225989018	0.516575042	0.457811455	0.198105261	0.255410405	0.130305053	1.414213562	1	0	0	1.732050808
0.548852663	0.710217458	0.34093988	0.653196538	0.101874114	0.554715807	0.398350876	0.648901763	0.435442015	0.368653668	0.356694974	0.639072918	0.58565165	0.587909862	0.221216734	0.54793482	0.458540468	0.194414049	0.248929479	0.115008057	1	0	0	2	2.236067977
0.524649852	0.681214944	0.320430998	0.641898558	0.126465345	0.545479667	0.390542034	0.637344834	0.398589235	0.387781557	0.358948514	0.612762642	0.591320693	0.561430004	0.224510966	0.593516395	0.465659466	0.211314134	0.241540667	0.117870259	3	0	0	1	3.16227766
0.529019244	0.661279185	0.321256772	0.637451749	0.193160402	0.541749398	0.406370144	0.634886161	0.395056295	0.373070425	0.360229996	0.612492666	0.589693606	0.561218997	0.22007872	0.614723674	0.469740301	0.20168731	0.223088191	0.106953915	2.236067977	1	0	0	2.449489743
0.500086329	0.635031817	0.315484681	0.635853638	0.252446725	0.536460251	0.410818318	0.637330176	0.391945898	0.404718427	0.35454579	0.580744469	0.577097988	0.514968426	0.224830096	0.616377662	0.468008816	0.218744176	0.246313212	0.121275306	1.414213562	0	0	1.414213562	2
0.511524611	0.631639377	0.34115737	0.651214095	0.52541333	0.546473698	0.454821229	0.638355465	0.417357176	0.3848343	0.341346919	0.598701467	0.581237401	0.520405489	0.22394867	0.590362961	0.472719901	0.205083401	0.249090646	0.119081731	1.732050808	0	0	0	1.732050808
0.477947451	0.592981654	0.342530888	0.662700649	0.605766111	0.549182153	0.461821566	0.630577549	0.426134501	0.389033121	0.345197989	0.582233311	0.56677519	0.495478855	0.228873059	0.556759323	0.499896564	0.214499779	0.267862261	0.137503045	1.658312395	0	0	0.707106781	1.802775638
0.489179546	0.560784215	0.359693117	0.678111274	0.799015495	0.571819604	0.500587336	0.621924706	0.437828663	0.372606287	0.337995403	0.595556898	0.561903733	0.502626367	0.237372821	0.554470872	0.524483001	0.221356045	0.279239153	0.141338639	1.732050808	0	0	1	2
0.443696404	0.507671645	0.362590236	0.690527381	0.872207092	0.574177185	0.488068525	0.63971946	0.461296881	0.375392366	0.35344438	0.599403448	0.548504825	0.502215082	0.237495346	0.509758019	0.556431182	0.216980091	0.316652047	0.149590055	2	1	0	1	2.449489743
0.464756369	0.433989461	0.368482266	0.704509709	0.864456244	0.620180145	0.536183855	0.642770078	0.458885397	0.371967201	0.339678248	0.601272597	0.58501286	0.515610825	0.243453379	0.487887092	0.603030425	0.212096178	0.280000282	0.148459625	1	0	1	1	1.732050808
0.418801043	0.357007505	0.358957172	0.7083798	0.86542037	0.618822602	0.524909961	0.645550475	0.45834199	0.376717537	0.339190085	0.602351218	0.609077053	0.520197798	0.245325682	0.479294331	0.62170419	0.216272726	0.250716508	0.158987709	1	0	0	1	1.414213562
0.449341332	0.288964343	0.371339439	0.692364757	0.812612862	0.64066931	0.53071372	0.620296472	0.460439659	0.396715363	0.338977175	0.580650628	0.618982776	0.521058585	0.256520035	0.504481393	0.619880617	0.219721643	0.240670357	0.167734124	1	0	0	0	1
0.399107782	0.232179113	0.352217138	0.675168416	0.729609907	0.618480312	0.477481461	0.614209949	0.452126976	0.408781319	0.347793583	0.56799362	0.629917211	0.504702729	0.252135551	0.535166829	0.611211803	0.219262678	0.21196823	0.180651377	2	1.414213562	0	0	2.449489743
0.449520847	0.21367772	0.348527233	0.643084648	0.610788758	0.615039122	0.491555095	0.599940179	0.444552964	0.437102167	0.346036187	0.552200761	0.63832166	0.519547092	0.278134184	0.574112135	0.597327608	0.230735538	0.221217969	0.180533218	1.549193338	0.632455532	0	0.632455532	1.788854382
0.399678016	0.210232779	0.313328596	0.630180335	0.416221302	0.58296415	0.450453067	0.603533307	0.428014786	0.43637147	0.34621836	0.540805832	0.640899484	0.515111064	0.280622855	0.567747595	0.600682809	0.232175377	0.212844981	0.186950433	0	0	0	1	1
0.56860747	0.740898302	0.34941856	0.658403272	0.057995836	0.57607407	0.391134728	0.661317616	0.449566662	0.359343357	0.34392831	0.66541858	0.600822332	0.60210285	0.2242791	0.490318393	0.443663963	0.169962004	0.259885738	0.114189052	3	0	1	1.414213562	3.464101615
0.575272554	0.729643737	0.344100624	0.660003413	0.107964455	0.566089316	0.418966698	0.65391335	0.453889793	0.357820423	0.33935724	0.638202924	0.615789563	0.603501518	0.211439325	0.514614188	0.443558279	0.175807367	0.243944142	0.107366506	2.645751311	1	1	1	3.16227766
0.549411684	0.697502728	0.336510181	0.650421794	0.233307325	0.562354094	0.396047791	0.633523355	0.428890475	0.367686809	0.360460452	0.636801491	0.585224632	0.585347618	0.218062911	0.571022656	0.460533409	0.194334331	0.24901298	0.108020052	1.414213562	0	0	1.414213562	2
0.550877849	0.6823242	0.336758149	0.649119389	0.346629716	0.559033112	0.421969073	0.638194606	0.422810402	0.364902084	0.351533896	0.631644634	0.594701808	0.570670204	0.220667204	0.579037306	0.460999422	0.192454652	0.239316569	0.10760268	1	0	0	0	1
0.534017144	0.656283174	0.337700927	0.644971718	0.438880523	0.551079841	0.441979625	0.6386636	0.413468296	0.372648841	0.348045635	0.619905981	0.591217011	0.547167965	0.221733014	0.600122958	0.463797272	0.197047763	0.239154252	0.110258286	1	0	0	0	1
0.548105072	0.658191639	0.355282655	0.655528339	0.738695685	0.555827311	0.492229488	0.640436344	0.437696929	0.354322912	0.337503909	0.626116955	0.591785704	0.547346994	0.214078474	0.578061126	0.460774165	0.186153362	0.24112605	0.108589289	4.123105626	0	0	2	4.582575695
0.521287752	0.611960212	0.354523266	0.663915217	0.705288733	0.558936667	0.490332168	0.632756334	0.429803704	0.374419163	0.332305516	0.607407141	0.580923381	0.521238938	0.222809424	0.566879549	0.490835914	0.204708637	0.255304948	0.124416809	2.397915762	0	0	1.224744871	2.692582404
0.524713369	0.557612049	0.362663606	0.680394359	0.718401438	0.582519418	0.528139575	0.632682736	0.446962783	0.381106275	0.327392387	0.604897167	0.582117415	0.517684057	0.224056659	0.527118255	0.53617869	0.207532374	0.26079177	0.133585713	0	0	0	1	1
0.493687631	0.499988408	0.368314845	0.693074879	0.797854459	0.598445618	0.532195915	0.638380912	0.459551143	0.377536014	0.335099321	0.601222449	0.573549735	0.513677082	0.233850815	0.506766394	0.568309929	0.213367418	0.281173453	0.14392722	0	0	0	0	0
0.514230185	0.42716767	0.377331066	0.693928643	0.716979992	0.630570908	0.556632061	0.634801643	0.465024763	0.388637761	0.331985314	0.589931076	0.58524611	0.522322413	0.244868363	0.484754878	0.611409469	0.214369682	0.275065966	0.153216443	1	0	0	0	1
0.491702243	0.359747382	0.385946149	0.731700058	0.822222372	0.664895168	0.588691395	0.638274661	0.469058347	0.3812369	0.335732416	0.598076377	0.607415456	0.528935277	0.259907084	0.477372202	0.622962411	0.212490924	0.266048736	0.156608746	2.645751311	0	0	0	2.645751311
0.520282439	0.299415347	0.389018944	0.680909316	0.708279994	0.658476943	0.56089547	0.611851884	0.465039975	0.416540591	0.337502662	0.573521757	0.614369136	0.527121275	0.277011686	0.51310325	0.633903026	0.220778497	0.269945207	0.161751921	2	0	0	0	2
0.491260121	0.231749181	0.373097341	0.65404261	0.728342566	0.643047743	0.523993054	0.602239957	0.460499871	0.424778311	0.347036157	0.562531731	0.634067836	0.522443946	0.274400544	0.554324552	0.6069813	0.233575325	0.238170155	0.174893084	1.414213562	0	0	0	1.414213562
0.528452852	0.211889878	0.369245813	0.626579684	0.586534276	0.635163412	0.536745681	0.580787189	0.443699688	0.470153813	0.346674132	0.545960756	0.643122923	0.534524448	0.298542703	0.616480093	0.58160414	0.238743476	0.238567862	0.17196295	2.449489743	0	0	1	2.645751311
0.488526578	0.21109921	0.349824387	0.616033913	0.457277105	0.618734647	0.515970376	0.59113913	0.435205276	0.468673921	0.340302581	0.542206184	0.643356415	0.526914873	0.300549411	0.609673464	0.586057132	0.236206638	0.229619983	0.177067945	0	0	0	0	0
0.596731605	0.766864687	0.34071864	0.657318965	0.055866446	0.565978333	0.410504996	0.666753637	0.46932854	0.342242396	0.331704458	0.625073215	0.645712703	0.605052895	0.196654995	0.448156397	0.422610807	0.158075886	0.237963864	0.107856997	3.16227766	0	0	1.732050808	3.605551275
0.604582672	0.760348344	0.319475923	0.648362296	0.119944278	0.567518085	0.410971011	0.64843701	0.475431432	0.357012777	0.331823012	0.639514692	0.614120617	0.594394405	0.206977661	0.448145987	0.4321386	0.162888683	0.257073495	0.118151696	1.732050808	1	0	0	2
0.575926064	0.721311184	0.335171536	0.653036637	0.249041061	0.566679597	0.407534352	0.642684028	0.449464204	0.361054212	0.352549318	0.638009971	0.596831372	0.585307507	0.213060041	0.523861285	0.448461957	0.18113552	0.249353139	0.110890023	0	0	0	0	0
0.57773722	0.705159815	0.336545423	0.654958182	0.411006529	0.567212878	0.426150784	0.640223979	0.444822851	0.357501294	0.349364171	0.63586107	0.596986411	0.57357029	0.211066927	0.527113529	0.45255258	0.181169603	0.246446971	0.112948064	1.414213562	0	0	0	1.414213562
0.557108524	0.67147415	0.345789593	0.654538879	0.565293193	0.561797172	0.457111604	0.639040235	0.430906348	0.360008831	0.342677528	0.63540465	0.596146112	0.56283414	0.220295921	0.57010571	0.461548591	0.187063067	0.24550839	0.109008028	1.414213562	0	0	0	1.414213562
0.563425239	0.644367978	0.347773979	0.661136267	0.61506301	0.565802861	0.485111909	0.636734518	0.435252936	0.364988622	0.339769574	0.628331182	0.593773785	0.550848479	0.217460166	0.548737692	0.476794096	0.1877513	0.250041561	0.113982214	1.732050808	0	0	1	2
0.547914244	0.611788925	0.356045661	0.664342868	0.665036467	0.567916018	0.505511321	0.63529915	0.438199731	0.372464106	0.331552703	0.616271135	0.591954566	0.534990628	0.219069366	0.549479629	0.498503279	0.197474476	0.249969222	0.122398684	2.581988897	0	0	1.414213562	2.943920289
0.556508203	0.54463888	0.358994626	0.668379317	0.505739837	0.585560099	0.529179247	0.634321157	0.448250789	0.393713281	0.325648036	0.600447726	0.595725317	0.525937876	0.224810402	0.513213732	0.555954301	0.209613987	0.253074682	0.138252737	1.632993162	0	0	0.577350269	1.732050808
0.5342742	0.488776473	0.367919936	0.681599745	0.592335522	0.606878894	0.55003739	0.63456363	0.458688821	0.392851344	0.328172555	0.590399403	0.583983094	0.521074951	0.2312282	0.494799718	0.593050005	0.216210626	0.263690547	0.147225358	1	0	0	0	1
0.555101819	0.42519772	0.37182378	0.656903359	0.4480712	0.617621746	0.537466647	0.626577151	0.463732	0.410257711	0.326554926	0.57227146	0.580257152	0.522126989	0.243386037	0.479147873	0.633930092	0.218437904	0.269467932	0.157436236	1	1	0	1	1.732050808
0.540260618	0.367508203	0.385695403	0.668275187	0.594662354	0.64587813	0.559307353	0.625454763	0.469981705	0.409513937	0.334113575	0.583089078	0.593891958	0.524984231	0.260936172	0.488799228	0.63442942	0.218663694	0.276851926	0.161336358	1	0	0	0	1
0.562947988	0.323636255	0.392216293	0.630730509	0.452791737	0.656824226	0.563675109	0.609810618	0.464301264	0.444112654	0.34619329	0.581413459	0.601401586	0.527231605	0.288543127	0.529413139	0.648388387	0.230008378	0.29484487	0.157512299	1	1	0	1	1.732050808
0.547315812	0.253187514	0.385403397	0.642805842	0.555947776	0.656890853	0.564585979	0.59527715	0.460000637	0.450696164	0.344431217	0.569120812	0.625187971	0.531948956	0.299711515	0.567272445	0.620965355	0.230781101	0.27114982	0.161104875	1	0	0	0	1
0.567593165	0.22964159	0.372730921	0.630298334	0.36445898	0.661772572	0.581512327	0.593888611	0.451814468	0.483161671	0.345214196	0.547432429	0.635602164	0.527931654	0.315019635	0.613416922	0.601541628	0.237191266	0.265041882	0.164273153	1	0	0	1	1.414213562
0.545976194	0.210073863	0.364288455	0.621540279	0.357782422	0.642781954	0.558832014	0.592008999	0.433162258	0.496153531	0.339587761	0.529543988	0.64553716	0.525670029	0.306898645	0.645422186	0.569796662	0.241627132	0.242467922	0.17395211	2	0	0	0	2
0.631304003	0.804855462	0.306061949	0.650562703	0.075135889	0.563597217	0.416363476	0.646982274	0.478388209	0.334461954	0.328064956	0.61221465	0.625166954	0.571439963	0.168279528	0.373285035	0.407123824	0.157818309	0.236620415	0.140822572	1.414213562	0	0	1	1.732050808
0.648125728	0.78680126	0.300100824	0.649132237	0.156636847	0.569577206	0.418059091	0.635953921	0.480043512	0.338760025	0.341347733	0.612627802	0.609106636	0.551615609	0.165443041	0.36212244	0.417547244	0.159562801	0.239072439	0.151288244	2.581988897	0.40824829	0	1.290994449	2.915475947
0.611172122	0.752427788	0.320832533	0.65242153	0.267730498	0.568894386	0.419527604	0.639765668	0.464896976	0.351295757	0.346645337	0.629252872	0.601843945	0.5698007	0.191452949	0.445465812	0.432697401	0.170333106	0.247477145	0.13034915	1	0	0	0	1
0.611777914	0.72229073	0.326663736	0.657283307	0.375026935	0.572777321	0.4417822	0.635064968	0.45700846	0.35505776	0.347541657	0.626413603	0.601958232	0.558515365	0.191733658	0.455497639	0.446204501	0.176054913	0.246535876	0.133581887	2.236067977	0	0	0.816496581	2.380476143
0.579643045	0.671232221	0.339770217	0.658942147	0.487866243	0.568389329	0.461995382	0.637405894	0.441390021	0.364600014	0.34288761	0.628187139	0.598875477	0.557014602	0.211643716	0.524298725	0.467461423	0.185592242	0.247948858	0.118306294	1.527525232	0	0	0.577350269	1.632993162
0.585974483	0.615360098	0.341025049	0.661872739	0.386410146	0.570865541	0.493324702	0.634366762	0.442462996	0.38595004	0.333792584	0.614081444	0.602472673	0.53698089	0.217862943	0.514901062	0.504173543	0.196830286	0.250096138	0.126323392	2.516611478	0.577350269	0	0.816496581	2.708012802
0.571010287	0.586798434	0.350322284	0.662508962	0.43116116	0.573220228	0.509805273	0.63529315	0.442925431	0.392167586	0.329343739	0.610391643	0.601492978	0.532063865	0.223165948	0.527030305	0.523255714	0.203101412	0.249667077	0.130234636	2.828427125	0.577350269	0	0.816496581	3
0.582791074	0.531185946	0.352408486	0.656169074	0.225602143	0.588313929	0.530487673	0.637404152	0.446351884	0.411758361	0.329375835	0.600591476	0.614234713	0.525745983	0.226284828	0.498858345	0.56900424	0.214707995	0.246411768	0.14325732	2.645751311	0	0	0	2.645751311
0.572385656	0.479559552	0.358080807	0.656061108	0.321272831	0.597758698	0.529181117	0.631608556	0.454883073	0.412224666	0.322553746	0.585364486	0.593470653	0.522069545	0.232733494	0.487568642	0.609968442	0.220105378	0.25976041	0.150947719	1.414213562	0.447213595	0	0.774596669	1.673320053
0.584862353	0.429393763	0.357408851	0.625235879	0.185091483	0.60093796	0.50919657	0.628398111	0.455204794	0.42771071	0.320096321	0.581133154	0.586142323	0.523248512	0.244590089	0.487521951	0.650456454	0.226382985	0.273273035	0.153970344	1	0	0	1.414213562	1.732050808
0.572034771	0.3803329	0.380807891	0.613101205	0.30978918	0.629676227	0.543705581	0.622477776	0.464421573	0.431052674	0.334760616	0.583952711	0.588949261	0.516905851	0.262002033	0.489820569	0.659995115	0.225209138	0.286064487	0.15996053	1.732050808	1.414213562	0	0	2.236067977
0.580509989	0.342268143	0.400648658	0.581633611	0.155180309	0.663504491	0.565195705	0.614529358	0.460747054	0.457298783	0.350535008	0.596706605	0.601546006	0.524911821	0.300895674	0.529184909	0.673350186	0.239192273	0.326478505	0.154961428	2.236067977	1	1.414213562	1.414213562	3.16227766
0.579380262	0.286833615	0.389657698	0.615648033	0.270619552	0.669677886	0.580560064	0.602532444	0.454039238	0.469040918	0.349648782	0.566748571	0.615069369	0.525647148	0.308758123	0.56796871	0.638045554	0.239210425	0.297722893	0.159985887	1.414213562	0.577350269	0.577350269	1	1.914854216
0.598609434	0.248627725	0.374330011	0.621121308	0.134666559	0.676538356	0.591816098	0.595793818	0.440883251	0.484041971	0.354495735	0.531104153	0.62406834	0.518329799	0.318810165	0.598952221	0.610684116	0.24587558	0.283482712	0.170819501	1	0	0	0	1
0.584360018	0.202579669	0.359255082	0.608015386	0.159432914	0.650638342	0.579454471	0.607881238	0.436395707	0.504623398	0.351925214	0.512671166	0.634475035	0.514808911	0.306841159	0.640800538	0.566751934	0.255602717	0.252572558	0.192927013	2	0	0	1.414213562	2.449489743
0.680262836	0.807743186	0.247826226	0.642358226	0.09467641	0.546529285	0.380784713	0.631941369	0.477185363	0.321324103	0.346537273	0.588072809	0.604819148	0.505324952	0.146142048	0.313067523	0.409806592	0.163466841	0.233116727	0.187064051	2.828427125	0	0	1	3
0.68899901	0.777438905	0.310183713	0.658091464	0.153911847	0.600403616	0.455440583	0.617055116	0.494944158	0.339065751	0.346391289	0.618578002	0.605409752	0.535702574	0.148647969	0.30802841	0.435469693	0.151343349	0.229167787	0.166583705	3.741657387	0	0	2.449489743	4.472135955
0.647192192	0.781646939	0.317096804	0.656618425	0.351772969	0.577890618	0.44212212	0.629604172	0.475376807	0.340578678	0.351330103	0.624355026	0.604020915	0.556472594	0.163470658	0.366431778	0.416156524	0.161847561	0.24151838	0.158586927	3.464101615	0	0	1.414213562	3.741657387
0.650757025	0.718937612	0.316997627	0.661359101	0.346553931	0.583879258	0.453622567	0.627285916	0.466576737	0.354077466	0.34885274	0.617203047	0.601859873	0.541094544	0.177594172	0.397709207	0.453693956	0.175315693	0.246547057	0.152451515	3.464101615	0	0	1.414213562	3.741657387
0.613513876	0.657604127	0.328846192	0.661109969	0.363139407	0.575799314	0.471780951	0.632060233	0.450323847	0.370501236	0.34155614	0.615411243	0.60277758	0.541644408	0.200970789	0.466660316	0.482374224	0.187164054	0.248757354	0.132122262	1.414213562	0	0	0	1.414213562
0.620510931	0.587763203	0.328556973	0.661773896	0.217284928	0.577395437	0.500709234	0.62888291	0.444404961	0.39429754	0.330645176	0.602491832	0.60771991	0.524819231	0.213507357	0.468903996	0.528189323	0.199950446	0.25376671	0.130643519	1.414213562	0	0	0	1.414213562
0.589034557	0.570480404	0.3436944	0.661039523	0.163722479	0.567718849	0.508926052	0.629646614	0.440779032	0.41437586	0.326343241	0.602168317	0.602171659	0.519216649	0.229418589	0.529929323	0.536542939	0.212949327	0.249645286	0.133929084	3.741657387	1	0	1	4
0.609456098	0.516977505	0.34319467	0.661796783	0.076579801	0.588947005	0.535962353	0.635432423	0.447933935	0.426538192	0.335406217	0.586098814	0.613512658	0.511587028	0.221742343	0.467420215	0.569935057	0.225810818	0.250473149	0.146702653	2	1	0	2.449489743	3.31662479
0.603847953	0.476716035	0.343640318	0.643839191	0.113563516	0.588834428	0.517036786	0.631126537	0.453462643	0.422498085	0.319459747	0.584618299	0.599082101	0.516089141	0.231213859	0.475979119	0.620840179	0.226333203	0.260484415	0.155518517	0	0	0	0	0
0.616507187	0.438380916	0.329772682	0.608383653	0.055622732	0.587938056	0.485565343	0.613947593	0.444960835	0.436788272	0.31307636	0.574410905	0.578120575	0.508701296	0.248981677	0.490694515	0.673875151	0.230933645	0.273386958	0.160052612	2.449489743	1	0	1	2.828427125
0.596249143	0.391220619	0.367718503	0.580350195	0.099618905	0.633204073	0.529423885	0.620849569	0.448574537	0.449851458	0.328012918	0.594645872	0.605519123	0.526163435	0.277075652	0.519925803	0.669456995	0.233423682	0.294807705	0.152645859	1.732050808	1.732050808	0	1	2.645751311
0.613064566	0.364288839	0.380323086	0.575614324	0.054803701	0.663659625	0.558403719	0.603953173	0.439552499	0.474968604	0.340866494	0.567760747	0.601101647	0.52100805	0.312529092	0.558868187	0.66146481	0.253173244	0.308123085	0.159146414	2.645751311	0	0	1	2.828427125
0.606191452	0.314783751	0.386713574	0.611912798	0.087612325	0.687068758	0.588242731	0.605634038	0.439917819	0.47796238	0.357708027	0.552916195	0.602072459	0.520237708	0.315895629	0.568425818	0.643207861	0.250972675	0.311112141	0.163955264	1.732050808	0	0	1.414213562	2.236067977
0.629859455	0.271896317	0.382461743	0.639769897	0.047591649	0.700344117	0.609884352	0.582489086	0.443056071	0.471824942	0.363440015	0.532416488	0.614381361	0.512039991	0.330543882	0.570638934	0.62085397	0.235916672	0.299408119	0.16435091	3	0	0	1.414213562	3.31662479
0.611319328	0.209787679	0.36138978	0.61853784	0.056152365	0.674387004	0.587855874	0.582112444	0.432020461	0.473387951	0.366879208	0.510228705	0.634361115	0.518669851	0.325167834	0.599192488	0.601611348	0.247566656	0.282306245	0.179306861	2.449489743	1	0	1	2.828427125
0.720661552	0.811655589	0.304050479	0.667841695	0.171413516	0.599051137	0.436751327	0.638805767	0.48664023	0.345261016	0.347237869	0.632799599	0.610694368	0.516531757	0.164097711	0.33273355	0.454218623	0.172022441	0.256592119	0.259820263	4.123105626	0	0	1	4.242640687
0.719838729	0.784332495	0.310283311	0.669694212	0.292920313	0.605831754	0.446304035	0.622210117	0.49140765	0.347234922	0.357339563	0.624713787	0.593315008	0.519216269	0.164090603	0.327786189	0.448991542	0.173878795	0.25838223	0.230763656	0	0	0	0	0
0.686378581	0.761161897	0.309406348	0.663351081	0.317146546	0.594004944	0.44674428	0.622564109	0.488082011	0.346182825	0.351007892	0.61897139	0.597654546	0.530229083	0.160000124	0.338574524	0.436789064	0.166465264	0.243772501	0.179150245	2.943920289	0	0	1.632993162	3.366501646
0.689707219	0.694605652	0.306580479	0.670196516	0.372318036	0.597416616	0.457618744	0.619957752	0.470844253	0.355300153	0.352413658	0.608308719	0.595207988	0.523514541	0.173471412	0.367830456	0.472627843	0.180774473	0.250041309	0.163318682	1.414213562	0	0	0	1.414213562
0.655593556	0.634006405	0.311657665	0.662814431	0.292785695	0.583766606	0.469822347	0.623228595	0.453021782	0.36915165	0.342621423	0.602070412	0.601380599	0.526038621	0.190970419	0.415987169	0.500577657	0.188512387	0.250180525	0.139501158	1.224744871	0	0	1	1.58113883
0.666309049	0.565694362	0.299530597	0.652415859	0.159802537	0.579153719	0.470879505	0.616597129	0.439207817	0.380323183	0.333133127	0.585757378	0.604183883	0.514494366	0.197687233	0.41321709	0.540594478	0.194358846	0.254189493	0.128079677	1	0	0	1.414213562	1.732050808
0.63223499	0.538232836	0.32980072	0.651454458	0.091530636	0.573293479	0.511655404	0.624909974	0.441813334	0.403419648	0.323597257	0.589852697	0.612780209	0.516031967	0.210574289	0.443710183	0.557165189	0.202512998	0.25269441	0.128907716	2.236067977	0	0	1.414213562	2.645751311
0.6520312	0.495146701	0.328370253	0.649080499	0.047413158	0.585616051	0.498834505	0.613060872	0.445070986	0.404875612	0.327186605	0.569936801	0.600593599	0.510882522	0.212453428	0.430079802	0.593631737	0.208531194	0.258128495	0.132495233	2	0	0	0	2
0.634421657	0.471304811	0.337420829	0.648892196	0.036945681	0.583274547	0.52062758	0.635379871	0.467353318	0.412160468	0.316935741	0.583681725	0.602462179	0.509798226	0.224134383	0.453265123	0.631528689	0.225626113	0.265944566	0.160409425	3.31662479	1	0	1.732050808	3.872983346
0.658145999	0.434601713	0.322446866	0.634165448	0.044192518	0.605801975	0.48757179	0.616060772	0.454147285	0.420248351	0.318354851	0.581187894	0.601441104	0.516149859	0.262885466	0.48366262	0.650989855	0.228312118	0.288266086	0.15994275	2.236067977	0	0	1	2.449489743
0.635707404	0.403434447	0.346590951	0.602712891	0.041836735	0.633135638	0.50355002	0.608252943	0.440092896	0.457168561	0.316615393	0.591609738	0.601388444	0.521690167	0.289903737	0.547614079	0.657212203	0.239038325	0.295047777	0.160293729	3.31662479	0	0	1.414213562	3.605551275
0.658000525	0.372029285	0.359343733	0.619763603	0.062352883	0.663344266	0.535973638	0.593259006	0.442040707	0.458356104	0.337680217	0.571525087	0.597707321	0.511048191	0.3100235	0.535446969	0.645152704	0.236892994	0.302065925	0.171764151	1.414213562	0	0	1	1.732050808
0.643284189	0.334238708	0.382432101	0.6277612	0.047179073	0.691481396	0.581659408	0.595018759	0.434322055	0.465920158	0.349200183	0.540314972	0.606060967	0.506576284	0.321052958	0.557555022	0.629200769	0.243104483	0.301760845	0.16562461	2	1.414213562	0	1	2.645751311
0.672161708	0.291840954	0.383941198	0.654938195	0.047934783	0.704793815	0.600487376	0.576877843	0.455739895	0.437734804	0.366462421	0.560004196	0.598992667	0.506937035	0.333746153	0.502198772	0.623692588	0.214852386	0.305578243	0.177687776	2	1	0	0	2.236067977
0.64593614	0.240052195	0.385872508	0.633053277	0.033052457	0.697964221	0.600905017	0.557606577	0.45662988	0.452960301	0.380308951	0.556572723	0.600196821	0.518204035	0.351002169	0.521194359	0.620984313	0.211401852	0.323516718	0.170888221	2.645751311	1	0	1.414213562	3.16227766
0.760747639	0.794207323	0.327201175	0.678491174	0.31806661	0.62635054	0.437126658	0.616416823	0.494324224	0.355308099	0.360837571	0.638201846	0.5857994	0.520694908	0.185437866	0.343525307	0.471345112	0.195073467	0.286367403	0.297059128	2.236067977	1	0	1.414213562	2.828427125
0.746784382	0.775134717	0.326409311	0.680669639	0.486166245	0.627770805	0.461963004	0.615863891	0.504762403	0.35275122	0.363888902	0.629515825	0.590462566	0.522803476	0.176453922	0.3317119	0.464211449	0.187996144	0.280214902	0.259146612	1.732050808	0	0	0	1.732050808
0.718017306	0.739393702	0.312201927	0.676223712	0.437983608	0.612884501	0.459913238	0.618612235	0.488827487	0.352560079	0.357809192	0.617201416	0.590889	0.519119528	0.167210784	0.337639397	0.460596032	0.179335592	0.256808048	0.198516803	2	0	0.577350269	1	2.309401077
0.718891209	0.669213528	0.299364623	0.683207189	0.467299804	0.610028499	0.458745155	0.615915206	0.472265578	0.355705543	0.356393871	0.600736024	0.587720931	0.511967278	0.171873098	0.353031549	0.487035096	0.185847803	0.251580182	0.160221866	1.414213562	0	0	0	1.414213562
0.697081212	0.611375946	0.28699974	0.666255279	0.294930051	0.588240423	0.446024041	0.613791679	0.448411656	0.362514578	0.345934346	0.585796968	0.595482372	0.512209714	0.182354131	0.382375594	0.512884042	0.190720072	0.24874712	0.139893288	1.290994449	0	0	1.154700538	1.732050808
0.709078359	0.556053238	0.254150986	0.642257893	0.155478729	0.570978271	0.399873601	0.605985946	0.42226656	0.366396946	0.338748185	0.552781298	0.593798589	0.496004	0.183239994	0.380073122	0.539289363	0.196804659	0.243955407	0.131084034	1.414213562	0	0	1.414213562	2
0.683651211	0.522184891	0.299399671	0.638179795	0.078031165	0.578155593	0.45456306	0.604172121	0.430315097	0.383867731	0.329558924	0.566498115	0.59783448	0.511104503	0.20166111	0.406075377	0.574217489	0.194763338	0.259277674	0.118933082	0	1.414213562	0	0	1.414213562
0.703795385	0.480562626	0.298902269	0.641901245	0.072327086	0.587124482	0.429772185	0.600067193	0.437355265	0.380346053	0.329990222	0.554486157	0.600453963	0.508307289	0.208952389	0.405331037	0.587230304	0.204028427	0.251372135	0.124533513	1.414213562	0	0	1	1.732050808
0.676482459	0.462631844	0.321189484	0.650044146	0.053187381	0.598490456	0.466826484	0.620032769	0.459179673	0.396395831	0.317768018	0.584639852	0.612142019	0.512410403	0.234225316	0.439119108	0.620838758	0.217826083	0.26802232	0.142996312	1.732050808	1.414213562	0	0	2.236067977
0.701368122	0.426119269	0.327763677	0.647284952	0.125150131	0.617265428	0.466553619	0.605458693	0.454792644	0.405470249	0.326195408	0.574186091	0.607325409	0.51463212	0.26134449	0.451670287	0.630935206	0.220606102	0.280482628	0.157583813	1.732050808	0	0	0	1.732050808
0.688686309	0.39905983	0.344476486	0.635130591	0.078043363	0.635323055	0.487610045	0.592475933	0.456641937	0.433937643	0.332499588	0.583653575	0.597606201	0.517784812	0.295664084	0.495867581	0.66188052	0.225839749	0.302078646	0.170331235	2.236067977	0	0	1.414213562	2.645751311
0.711541112	0.36224597	0.359962609	0.650455156	0.18106948	0.676134957	0.525805356	0.581483354	0.45776874	0.428634509	0.347877827	0.577519864	0.596495101	0.50028974	0.306696857	0.470268851	0.634255393	0.218670619	0.298054428	0.19663556	1.414213562	0	0	1	1.732050808
0.690760194	0.331141613	0.37370621	0.646080599	0.10777887	0.690306219	0.563092881	0.580520459	0.453593544	0.434921068	0.354775893	0.568950737	0.594150607	0.497966644	0.318696479	0.486798638	0.625627534	0.220050316	0.303149554	0.189759455	1.732050808	0.816496581	0	0.912870929	2.121320344
0.736901639	0.302884145	0.374583083	0.657262439	0.105149258	0.700303776	0.558028837	0.569231557	0.466406654	0.398233571	0.371134912	0.585425863	0.585687177	0.483731679	0.315370619	0.412507946	0.605019958	0.200253919	0.306522365	0.226681655	2.236067977	0	0	0	2.236067977
0.709535192	0.274471209	0.382420327	0.649902866	0.044130841	0.696305119	0.579268098	0.559496029	0.46539662	0.417689876	0.370423972	0.590655403	0.587714625	0.496450164	0.341868149	0.436319423	0.611856481	0.199052493	0.315996997	0.196576538	2.828427125	0	0	1.732050808	3.31662479
0.775135295	0.775461221	0.333950199	0.685580002	0.435399021	0.638198567	0.441397282	0.60705165	0.499612511	0.36083858	0.366531935	0.632330073	0.58184589	0.523482329	0.189873676	0.346941338	0.476502744	0.205257571	0.29236818	0.290527591	1.914854216	0.577350269	0	1	2.236067977
0.760191057	0.740095929	0.325934776	0.69019734	0.557425076	0.635175652	0.454573486	0.613283111	0.499017748	0.358007465	0.362209397	0.626999665	0.585130106	0.519447447	0.177569931	0.336558311	0.477493531	0.193959969	0.270469325	0.228549851	2.061552813	0	0.5	1.118033989	2.397915762
0.731383131	0.714080979	0.316495929	0.684213857	0.621517201	0.62771176	0.473490707	0.616497806	0.495405313	0.357456102	0.358253516	0.612650927	0.589421968	0.51164946	0.164701582	0.327664384	0.468145535	0.182672541	0.254247212	0.182753433	2.645751311	0	1	1.732050808	3.31662479
0.738977032	0.64836008	0.294157375	0.69553442	0.534486381	0.614716328	0.447398171	0.612052162	0.470661676	0.353297039	0.355597367	0.600360996	0.590898212	0.509567856	0.172769754	0.350626294	0.499652184	0.187686216	0.246326254	0.14986452	0	0	0	1	1
0.729343402	0.595042123	0.268290281	0.677592641	0.332444378	0.590352274	0.414411137	0.609029646	0.444616381	0.354623262	0.349191825	0.574918729	0.593709324	0.50563698	0.176796096	0.36667201	0.517282243	0.192755555	0.241849681	0.134183728	1.341640786	0	0	0.894427191	1.61245155
0.744611792	0.540419093	0.242739907	0.674931121	0.202705354	0.575569661	0.368026058	0.605550813	0.429450031	0.347265687	0.345795475	0.551420233	0.599544463	0.503216714	0.176575882	0.367608888	0.531629326	0.193773847	0.230398288	0.117112581	2	0	0	1	2.236067977
0.73158479	0.505127587	0.257591695	0.648745237	0.103665014	0.57200694	0.370011269	0.58732643	0.41936127	0.367710411	0.335797274	0.532060977	0.592969712	0.502534687	0.186899707	0.374399484	0.561491757	0.193370433	0.23255179	0.112284943	2	1	0	1.414213562	2.645751311
0.750111192	0.462421392	0.284686184	0.64970688	0.129554419	0.594023055	0.379985661	0.587133989	0.441584	0.361314054	0.325537383	0.535843885	0.596378892	0.502969843	0.203725573	0.383510834	0.561717342	0.20848003	0.230473623	0.125591812	2.828427125	1	1	0	3.16227766
0.723008682	0.446048596	0.307644692	0.650664576	0.1445312	0.602066096	0.429511072	0.600702065	0.452385688	0.377521649	0.323912618	0.558770089	0.609597426	0.512186157	0.229737348	0.415299155	0.596716047	0.213523376	0.255948	0.140184165	2	1	0	0	2.236067977
0.734322245	0.414543939	0.32971975	0.664406566	0.373704202	0.631152038	0.470324089	0.600109852	0.457818787	0.381554642	0.325715838	0.563212661	0.609617377	0.517964071	0.247738066	0.42312871	0.603919051	0.207013668	0.269789353	0.151134978	1	1	0	1	1.732050808
0.725817556	0.3888168	0.343267991	0.657422643	0.270797666	0.650444289	0.491949304	0.592980935	0.457780066	0.407068419	0.339713979	0.578888335	0.599811925	0.510623076	0.280117706	0.449562448	0.627085759	0.213534663	0.289040911	0.170153494	0	0	0	0	0
0.760756846	0.345282503	0.370990033	0.677263751	0.447846321	0.688123937	0.525226948	0.581485285	0.464715804	0.398305172	0.358024031	0.592576537	0.583516946	0.502986519	0.294919797	0.417619272	0.602698201	0.200505712	0.294780598	0.179246201	1.154700538	0.577350269	0	0.707106781	1.471960144
0.74793233	0.320343805	0.379614801	0.670569104	0.300759983	0.695948671	0.553396284	0.566285693	0.466582461	0.407879629	0.360358423	0.587243701	0.580602569	0.48163855	0.313267586	0.405962283	0.60559796	0.198296034	0.300765463	0.200506066	1	1	0	1.414213562	2
0.795143524	0.306074549	0.365730263	0.658926075	0.196040298	0.692247984	0.517813209	0.563162599	0.469025534	0.381747221	0.370333993	0.58622824	0.565638107	0.473972535	0.29174754	0.35378908	0.573445747	0.191318143	0.300641418	0.211301729	1.732050808	0	0	0	1.732050808
0.783306154	0.291159089	0.366699155	0.637768539	0.066993818	0.682747191	0.525050508	0.574792215	0.471975477	0.379917198	0.369284322	0.597005395	0.586759081	0.469621823	0.305367	0.362945701	0.572539639	0.192998487	0.303736511	0.225215474	3.31662479	1	0	1.732050808	3.872983346
0.778410463	0.742783228	0.325027553	0.695859942	0.499137387	0.634975517	0.43529285	0.609311693	0.495438306	0.364289644	0.365625952	0.628947298	0.585544184	0.516326344	0.184838983	0.346623202	0.481912409	0.206182048	0.276498615	0.24836075	1.732050808	0	0	1	2
0.767164131	0.707333578	0.31627294	0.700826895	0.622136192	0.628270128	0.436898706	0.620170672	0.493700575	0.35322711	0.362231472	0.628760652	0.59052092	0.51630492	0.175970646	0.341732123	0.491377201	0.194914382	0.259296543	0.19521004	2	0.577350269	0	1	2.309401077
0.747776363	0.691454125	0.314401825	0.694410617	0.649825696	0.627567504	0.456964177	0.616656936	0.489556906	0.351243709	0.354965669	0.6318433	0.590595805	0.52321856	0.16886786	0.333025017	0.492366842	0.17977261	0.243242144	0.161061202	2	0	0	1	2.236067977
0.75546402	0.626084494	0.284901183	0.69968263	0.574088738	0.609410569	0.414461433	0.618869362	0.466817116	0.348767712	0.350847907	0.606037572	0.593343759	0.505184781	0.177953368	0.359326823	0.514052881	0.192589857	0.244737317	0.141360421	1.549193338	0.447213595	0	0.774596669	1.788854382
0.750536744	0.583337768	0.267871913	0.691903801	0.392881958	0.595658235	0.393078252	0.607628711	0.447085925	0.350885646	0.348637448	0.577674253	0.594385411	0.502355433	0.179672698	0.365758272	0.522888662	0.195157056	0.239334041	0.128990571	1	0	0	0	1
0.75870378	0.534728439	0.262999512	0.692128828	0.325169355	0.59566053	0.371714128	0.600222864	0.446666785	0.349732604	0.344595457	0.567173228	0.591825541	0.502956809	0.190377776	0.374463506	0.53796588	0.195148029	0.24263952	0.118603159	1	0	0	1	1.414213562
0.754866211	0.495769187	0.26634553	0.66692987	0.1991676	0.586564212	0.357618108	0.589387806	0.436840437	0.358180724	0.335841603	0.543610547	0.598307551	0.502055723	0.193413876	0.372945635	0.54333717	0.198638895	0.233944555	0.114135966	1.414213562	0	0	0	1.414213562
0.763004849	0.457396604	0.29417053	0.664800616	0.310334055	0.608221981	0.385139902	0.596736334	0.459223572	0.357055826	0.32564378	0.565394261	0.606459057	0.507474928	0.209785198	0.376274751	0.549496572	0.202552093	0.241278392	0.131086057	1.414213562	0	0	0	1.414213562
0.752099103	0.433582416	0.306543427	0.66027534	0.32638967	0.616773283	0.41673391	0.596496073	0.458192403	0.366357496	0.32571322	0.559281189	0.609603072	0.510375015	0.226759247	0.3958404	0.573205728	0.205519066	0.251728972	0.137900192	1	0	0	0	1
0.767631254	0.39786203	0.336649629	0.670472509	0.616673239	0.650098759	0.450574513	0.602193954	0.468809857	0.369015002	0.337177381	0.579335093	0.612453299	0.519397296	0.251107491	0.399586564	0.569134391	0.197861235	0.271023761	0.14359272	1.414213562	1	0	0	1.732050808
0.767423652	0.371307537	0.354014241	0.673559143	0.572099971	0.665820141	0.488898505	0.596348513	0.465390475	0.383989499	0.351283311	0.590248569	0.592281079	0.516508679	0.272151944	0.41532929	0.591031107	0.200353101	0.28373024	0.157736816	0	0	0	0	0
0.800931753	0.333711383	0.380496359	0.683798608	0.71595081	0.691549182	0.510126433	0.592828964	0.473789465	0.382409611	0.374190172	0.606235679	0.563587837	0.509070762	0.286147651	0.394221353	0.578701803	0.193289739	0.293604552	0.162414594	1.732050808	1	0	0	2
0.794215897	0.313524491	0.39319551	0.696222539	0.508852627	0.71313647	0.540166009	0.567213862	0.472015426	0.386640425	0.372186797	0.598924102	0.56352615	0.494221149	0.295903972	0.366354193	0.579538948	0.188113169	0.301013301	0.186939342	1.414213562	0	0	0	1.414213562
0.825539065	0.314814342	0.357833961	0.660326365	0.269322984	0.691596372	0.484292114	0.562714568	0.469489325	0.379458394	0.371980393	0.579366399	0.536968717	0.469366155	0.273686857	0.332932862	0.557058154	0.194563802	0.298396624	0.184681618	3.464101615	0	0	1.414213562	3.741657387
0.830623174	0.300662154	0.336419933	0.637110696	0.08882401	0.670025327	0.480958058	0.561026046	0.455923359	0.379053715	0.383986592	0.564389942	0.538454191	0.453990672	0.264681864	0.331120681	0.530837738	0.189232652	0.293598073	0.196354716	4.242640687	0	0	0	4.242640687
0.773761695	0.713762599	0.316196775	0.701956536	0.600616603	0.626792977	0.426715539	0.620939783	0.495785032	0.353935765	0.363993204	0.628741368	0.591914061	0.51493566	0.178728763	0.345812167	0.490424572	0.200153932	0.264151223	0.208030851	2	0.707106781	0	1	2.34520788
0.776321518	0.676922188	0.304568739	0.708307516	0.680100102	0.617570397	0.410635346	0.629072664	0.485265636	0.349244218	0.365967607	0.629846905	0.595607115	0.511114912	0.179920032	0.353435867	0.503381596	0.203828798	0.257894785	0.176247026	2.236067977	1	0	1	2.645751311
0.764149076	0.656076603	0.299385761	0.70478227	0.661182809	0.616721823	0.419402198	0.627288933	0.480787609	0.346815053	0.357730552	0.6237538	0.594411174	0.510031059	0.176914813	0.353784988	0.507853341	0.194069508	0.250274161	0.157807021	2.236067977	0.816496581	0	1	2.581988897
0.764158076	0.598625038	0.280902102	0.705464577	0.666404445	0.604369196	0.392475903	0.637250341	0.469686455	0.338863529	0.35098758	0.610630193	0.595385665	0.50015156	0.183263372	0.373610981	0.52594367	0.195758563	0.251119745	0.136119057	2.449489743	1	0	1	2.828427125
0.759670666	0.568737133	0.273520516	0.699610441	0.514430187	0.601589398	0.386967074	0.617370506	0.457777287	0.345132278	0.346012965	0.590091358	0.597360854	0.502290529	0.189402219	0.371483655	0.531218566	0.195350656	0.244475451	0.125850983	1	0	0	0	1
0.760391791	0.522226351	0.286368441	0.693306828	0.491958558	0.611626894	0.390207994	0.61439309	0.459321825	0.349754941	0.339392609	0.587584834	0.602919784	0.50830553	0.206393801	0.380555365	0.548966861	0.198383464	0.2493023	0.121420142	1.154700538	0	0	0.816496581	1.414213562
0.758682325	0.489715573	0.290486742	0.67913146	0.411509655	0.611948529	0.38301553	0.606980684	0.458644742	0.353570632	0.329127683	0.582542632	0.607977981	0.510143784	0.217458159	0.382476521	0.557801907	0.201359098	0.247041584	0.118787849	1.414213562	0	0	1	1.732050808
0.767769719	0.446682113	0.309489149	0.674446872	0.508683649	0.626388844	0.405116409	0.607866866	0.46889894	0.358374561	0.329513644	0.584413533	0.61501855	0.516899525	0.227821234	0.38177186	0.559345285	0.201369598	0.252454917	0.128971564	1.154700538	0.577350269	0	0.577350269	1.414213562
0.771337725	0.419654822	0.31955639	0.669841559	0.549159923	0.633336985	0.419713393	0.608235758	0.475216983	0.36181046	0.329071921	0.583287678	0.61888544	0.520945831	0.233078372	0.38285267	0.55912975	0.200834852	0.255206962	0.136428439	0	1	0	0	1
0.791207732	0.386456419	0.336052488	0.675379541	0.772352364	0.649696667	0.44067291	0.624478527	0.498815024	0.361720451	0.335717617	0.607075616	0.626137229	0.533120442	0.245707539	0.376850796	0.558709041	0.199258004	0.26322441	0.140530865	3	0	0	1.414213562	3.31662479
0.799202591	0.359968722	0.351943562	0.671425428	0.794599154	0.66331015	0.464284334	0.603404826	0.475283333	0.378044472	0.358878998	0.606156541	0.583453121	0.524243563	0.266686477	0.39319681	0.572739175	0.201921	0.287277933	0.15393915	2.828427125	0	0	0	2.828427125
0.834095271	0.327991156	0.367027784	0.668602894	0.852732935	0.673723061	0.476669114	0.589587812	0.485746887	0.368634814	0.377122296	0.606538714	0.538471864	0.505239204	0.260665227	0.355992584	0.566752193	0.190096327	0.28649045	0.152620406	3.872983346	0	0	2.236067977	4.472135955
0.831370498	0.309559544	0.376828533	0.676668274	0.688660399	0.690340627	0.497774486	0.591268396	0.473601503	0.382120517	0.381503739	0.599319885	0.522140136	0.493411655	0.279979234	0.361145405	0.567711023	0.195059938	0.304666323	0.173417877	2.449489743	0	0	1.732050808	3
0.828752035	0.312241569	0.367214957	0.666391165	0.455167987	0.688821344	0.490950856	0.573431742	0.472191069	0.380088104	0.375053533	0.586815572	0.540074125	0.480183743	0.276775981	0.343652855	0.559981115	0.192396444	0.298446976	0.179661384	3	0	0	1.58113883	3.391164992
0.827402128	0.307779953	0.351853837	0.650552835	0.214843371	0.680767903	0.485444874	0.560195264	0.464001071	0.379673031	0.375976961	0.576006233	0.544662093	0.465991895	0.27472637	0.334802396	0.548410445	0.19139195	0.297011901	0.189377885	3.872983346	0	0	1	4
