Y	X	lane	road	fence	bus	large.truck	D.Urban	D.agri	D.forest	D.grass	D.wetland	D.bare	D.water	A.Urban	A.agri	A.Grass	A.wetland	A.bare	A.water	adult	sub-adult	juvenile	non-identification	PA
0.40529853	0.90242167	0.367416919	0.667423994	0.074868037	0.641393365	0.576857208	0.640268292	0.490840261	0.376577075	0.336750236	0.661863976	0.61799373	0.526937724	0.217021287	0.355021798	0.523685141	0.172628157	0.273089996	0.182437139	5.567764363	0	0	1.414213562	5.744562647
0.391182275	0.858028434	0.354358261	0.671737483	0.26285419	0.630502524	0.553779832	0.638904122	0.485076432	0.390515445	0.344059669	0.645041522	0.604041157	0.519153284	0.223892173	0.381116902	0.52368464	0.181621354	0.25723827	0.185984012	4.041451884	0.577350269	0	1.414213562	4.320493799
0.350139674	0.805826191	0.337647479	0.68096166	0.285064731	0.628361112	0.538202032	0.631299708	0.471481566	0.392081335	0.353430577	0.634863406	0.599142947	0.514621439	0.226375273	0.384192597	0.516971484	0.180809744	0.246606683	0.197032191	1	0	0	0	1
0.317156567	0.741471782	0.321389801	0.679703841	0.271000157	0.618787521	0.506022409	0.617405528	0.449588112	0.400261525	0.363056179	0.613745064	0.594806542	0.501981078	0.229338439	0.400354752	0.50461387	0.19226217	0.241311194	0.215792178	0	0	0	0	0
0.239667494	0.674361853	0.302803577	0.677446115	0.104678671	0.62440579	0.472249258	0.604702731	0.419431003	0.396991528	0.370074993	0.607363169	0.595237316	0.492950554	0.231698958	0.398260531	0.482724255	0.196069951	0.231016622	0.257504677	3.31662479	1	0	2.449489743	4.242640687
0.235466288	0.635164101	0.271672649	0.661842446	0.099429841	0.591523382	0.423442357	0.588065866	0.402144055	0.40225438	0.371257833	0.53478136	0.602076564	0.467837659	0.22940691	0.407988089	0.485164316	0.212514159	0.212831255	0.223008751	4.123105626	1.414213562	0	2	4.795831523
0.239385131	0.596994666	0.279803421	0.656796215	0.207620539	0.586817601	0.422798473	0.59242155	0.406720241	0.399462242	0.365599303	0.546456645	0.599655831	0.47362388	0.230831554	0.422508356	0.508232487	0.218040647	0.221603402	0.209854853	1	0	0	1	1.414213562
0.226429503	0.527042182	0.299238265	0.662585529	0.432649627	0.585361101	0.437816522	0.605170063	0.421341765	0.388833185	0.358241516	0.544247749	0.610153867	0.479042127	0.223204496	0.43775461	0.537891167	0.237883805	0.210290477	0.183634758	0.816496581	0	0	0.577350269	1
0.190578366	0.447584116	0.31046569	0.670828536	0.470096746	0.592883697	0.448972211	0.618209127	0.433504014	0.385059405	0.349447775	0.556844641	0.62591929	0.492498681	0.216290774	0.449589506	0.574994184	0.241747946	0.193782923	0.167415206	0.707106781	0	0	0	0.707106781
0.158359111	0.377591356	0.321626128	0.678816335	0.515684179	0.597168795	0.46136613	0.62970405	0.447683299	0.379744901	0.342962142	0.571618275	0.638998377	0.505919048	0.207926353	0.455632921	0.607632631	0.241423577	0.179639815	0.154229491	2.081665999	0.577350269	0	0.577350269	2.236067977
0.131141738	0.321012822	0.328372427	0.683964418	0.270386569	0.603785591	0.463447316	0.640428832	0.448531377	0.391559202	0.335038938	0.591283896	0.65341636	0.518819374	0.206566731	0.470440761	0.63001912	0.228378196	0.167643996	0.147960911	1	0	0	0	1
0.128949808	0.30608302	0.337661283	0.694924898	0.117307613	0.605323113	0.479278535	0.646043259	0.45584929	0.394768046	0.334349129	0.6100473	0.658762875	0.525654061	0.205984106	0.456292637	0.64244865	0.214738629	0.164282664	0.145384418	2.236067977	0	0	1.414213562	2.645751311
0.097754898	0.275317302	0.358269712	0.688742535	0.019246151	0.616101365	0.483352675	0.65195567	0.436076664	0.402500737	0.332334943	0.630106218	0.666104673	0.536887855	0.205431889	0.485987393	0.656285434	0.221846181	0.151045306	0.141885685	4.242640687	1.414213562	1	2.828427125	5.385164807
0.14114522	0.243662069	0.338766338	0.666438178	0.017214104	0.600284571	0.42668737	0.638807396	0.413562819	0.436368777	0.337282077	0.595108983	0.635251633	0.507200243	0.221543144	0.560400782	0.624156482	0.228043078	0.17241661	0.163576076	3	1.414213562	0	1.414213562	3.605551275
0.119196478	0.189645967	0.347831102	0.665849503	0.007609377	0.626951812	0.425760744	0.625032162	0.403575609	0.440041391	0.332070195	0.582168652	0.638404879	0.5293943	0.242663522	0.67791303	0.612773209	0.221676583	0.166617957	0.161157158	4.472135955	1.732050808	0	3.16227766	5.744562647
0.410431157	0.863647415	0.356750962	0.662069196	0.170875024	0.623507591	0.541936207	0.640712106	0.480875013	0.396319465	0.343735069	0.644437016	0.602135585	0.521416229	0.224761325	0.394883137	0.51807234	0.189698248	0.262598488	0.183344964	1	0	0	0	1
0.410653711	0.824706191	0.347784791	0.664204068	0.322277951	0.611325494	0.520709422	0.638428768	0.473341768	0.409055438	0.350397085	0.634181775	0.587016794	0.515909178	0.229008998	0.424063588	0.513021229	0.201575304	0.258690284	0.186663444	2.408318916	0.447213595	0	0.894427191	2.607680962
0.385639559	0.827462945	0.348985308	0.681370464	0.531766525	0.623697763	0.547240962	0.631502564	0.479248964	0.402550278	0.345765388	0.633724879	0.595650343	0.516217615	0.229110562	0.399836573	0.519179394	0.187506253	0.250060935	0.1927101	4.123105626	1	0	2	4.69041576
0.363667803	0.730112742	0.324834995	0.677776531	0.309247522	0.604059591	0.500026366	0.620980581	0.449558176	0.409261213	0.357398277	0.609836506	0.586755811	0.498911086	0.231358366	0.436199947	0.510390453	0.204160933	0.252943797	0.194936624	0	0	0	0	0
0.297109731	0.674314223	0.302278935	0.669667221	0.16292686	0.594275891	0.457390078	0.601026834	0.427209646	0.406773411	0.369178673	0.580089316	0.59017036	0.486840763	0.230850381	0.414691246	0.49070099	0.207236677	0.23657046	0.217684277	1	0	0	1	1.414213562
0.300810467	0.620611769	0.290853955	0.662127939	0.197253815	0.569998029	0.423859719	0.599640631	0.408979941	0.409677696	0.369634121	0.541638291	0.5857889	0.464178998	0.231168868	0.437761701	0.498112329	0.222780275	0.241281539	0.196709899	0	0	0	0	0
0.258948955	0.584823346	0.284570223	0.655401886	0.28441559	0.576667509	0.419378437	0.595936422	0.406227355	0.397171112	0.369644499	0.536114673	0.59831255	0.468416536	0.228960346	0.43354399	0.507762393	0.227963864	0.223163329	0.196703466	1	0	0	0	1
0.235298959	0.52544482	0.313449689	0.666388749	0.611948311	0.587550281	0.453518301	0.607489097	0.431525265	0.385493061	0.359897537	0.540360003	0.600659586	0.480152464	0.223006916	0.444180508	0.537801259	0.250520633	0.209958755	0.173863081	0	0	0	0	0
0.194571148	0.455114999	0.319876918	0.673265777	0.646618809	0.591012591	0.461252444	0.619558474	0.442185805	0.376379873	0.351471694	0.552562424	0.622568365	0.491143354	0.213933936	0.443446111	0.574155066	0.250778058	0.193469011	0.164428901	1.527525232	0	0	0.577350269	1.632993162
0.174773219	0.397740292	0.325193156	0.679941679	0.69378854	0.590591768	0.469793878	0.627934145	0.455962061	0.371734165	0.344535398	0.568427902	0.627141955	0.502154555	0.208476055	0.445297956	0.608623641	0.24257673	0.188413594	0.156121273	1	0	0	0	1
0.135395228	0.327890893	0.329284763	0.682836184	0.485336047	0.602155116	0.466721929	0.635425685	0.452674504	0.380550257	0.34037785	0.590501807	0.651811458	0.518536673	0.199467579	0.462730982	0.624701447	0.247898602	0.169594104	0.144115799	3.31662479	1	0	1	3.605551275
0.175914375	0.304776344	0.30090868	0.688855053	0.216973344	0.596022703	0.445450569	0.628679244	0.441065872	0.398444711	0.341594032	0.578727714	0.639876966	0.512379427	0.198684163	0.46710969	0.62618784	0.211531967	0.179506246	0.146148416	1.414213562	0	0	1.414213562	2
0.155059616	0.279746173	0.319565164	0.670210169	0.052114196	0.57920093	0.41321721	0.641672873	0.429055298	0.409103475	0.342043421	0.582027735	0.64169031	0.498203151	0.194697803	0.460930609	0.625704148	0.206224185	0.168784552	0.151252245	4.795831523	1	0	0	4.898979486
0.201297984	0.239848784	0.295831543	0.655318755	0.04522128	0.591741399	0.387224722	0.598058429	0.395875317	0.425500809	0.363547943	0.571665839	0.615791775	0.478285437	0.223221108	0.509392644	0.618290503	0.216397684	0.197156417	0.170544541	3.16227766	1	0	1	3.464101615
0.173110611	0.192709356	0.306543469	0.653481652	0.017317451	0.60358602	0.38963633	0.609888812	0.393965106	0.438476984	0.349217293	0.570125051	0.613080517	0.490567403	0.24714992	0.603443863	0.613955244	0.226363099	0.192534789	0.175468956	2.449489743	1	0	1.414213562	3
0.436263595	0.819108613	0.338682071	0.643964038	0.174379972	0.588301858	0.48224094	0.641263074	0.461298774	0.424143944	0.353998504	0.620485144	0.579013779	0.515309733	0.231233698	0.453181318	0.498013632	0.218262986	0.265163257	0.185288719	2.645751311	0	0	0	2.645751311
0.4456579	0.765617878	0.336883978	0.651973236	0.233582273	0.580299693	0.46317567	0.630794945	0.443391979	0.424793794	0.360488799	0.626238193	0.565855989	0.514265915	0.233175752	0.485480592	0.490814847	0.225957231	0.2625381	0.178585024	1.732050808	0	0	0	1.732050808
0.412186623	0.766554474	0.336180601	0.66497314	0.36437498	0.598675398	0.492581308	0.631382599	0.455439861	0.417451945	0.355836658	0.621646374	0.577923752	0.504872487	0.232009824	0.457839509	0.509225272	0.215804432	0.261736138	0.185897808	1	0	0	0	1
0.410776796	0.686355345	0.316137524	0.654113606	0.236873374	0.569282861	0.445758368	0.62290221	0.423439322	0.422351184	0.361948024	0.592840522	0.569180714	0.492004828	0.233889042	0.502582317	0.499071689	0.225994613	0.275208369	0.172604528	1.414213562	0.632455532	0	0.632455532	1.673320053
0.361319713	0.650870909	0.306632054	0.658152781	0.202381674	0.564729464	0.435198374	0.613177702	0.421975259	0.414760473	0.368353203	0.571124702	0.573790928	0.47549631	0.230086433	0.464523939	0.503515343	0.223925292	0.267111157	0.188728494	1.414213562	0	0	1	1.732050808
0.368047237	0.596878203	0.298461153	0.654365774	0.253923422	0.535455725	0.39624597	0.611007167	0.403888841	0.412953954	0.376136764	0.545507367	0.559721685	0.456758952	0.230821829	0.472062673	0.491854187	0.227947049	0.269824382	0.163944504	1.414213562	1	0	1.732050808	2.449489743
0.303919849	0.568923235	0.30337188	0.660662333	0.415317717	0.562965732	0.425658457	0.606538591	0.415939174	0.399553138	0.367136863	0.543063277	0.585275644	0.467452025	0.228583916	0.45385791	0.51434681	0.235976913	0.240298577	0.174467964	1.095445115	0.447213595	0	0.894427191	1.483239697
0.282016874	0.518710334	0.328538854	0.67121712	0.704009465	0.575937419	0.458953138	0.615895602	0.439379645	0.385065582	0.357771683	0.555594584	0.596910702	0.4843997	0.22535498	0.459487219	0.545747872	0.249616972	0.228238297	0.162451949	0	0	0	0	0
0.204151749	0.46689319	0.337715087	0.680949712	0.81145436	0.590190099	0.477578266	0.629509402	0.451023942	0.366445981	0.355241914	0.551355619	0.626671059	0.493087983	0.215348041	0.440741875	0.57525904	0.248548272	0.191402549	0.156889402	2.449489743	0	0	1	2.645751311
0.217320439	0.419427767	0.344736556	0.678893838	0.818742673	0.596292447	0.492005054	0.637266045	0.470369742	0.37212688	0.342429319	0.585792623	0.618996478	0.509887748	0.223567819	0.445499866	0.612671374	0.233631511	0.213282254	0.152301759	1.732050808	1	0	1.414213562	2.449489743
0.18890415	0.349697906	0.316843516	0.685461137	0.561667258	0.595811756	0.462946901	0.632250162	0.450972054	0.382163273	0.341403515	0.574184021	0.63435791	0.509017679	0.210086869	0.460623217	0.623883684	0.226037539	0.18807079	0.149027047	0	0	0	1	1
0.221535136	0.300196807	0.300009081	0.685829971	0.407424347	0.597789328	0.437817386	0.626427247	0.431815169	0.397016272	0.341117134	0.559859696	0.635302831	0.504671641	0.211923278	0.482373838	0.623640129	0.214451457	0.192574148	0.149887039	0	0	0	0	0
0.199833647	0.27214822	0.276057188	0.670775198	0.177702673	0.587902476	0.392525222	0.616963482	0.414754103	0.405111105	0.347847072	0.552281901	0.639963607	0.502583963	0.208165777	0.497132099	0.620830163	0.215038402	0.19469354	0.156294784	2.449489743	1	0	2	3.31662479
0.232707669	0.232007851	0.245291777	0.647546021	0.131356495	0.575547867	0.36425407	0.60942534	0.389994072	0.407420771	0.351459632	0.546558216	0.62553358	0.478643384	0.23200082	0.522412638	0.619611162	0.222350196	0.2042731	0.174424753	2.449489743	0	0	1	2.645751311
0.211657831	0.187119567	0.218988329	0.623937008	0.036238046	0.565974121	0.31586314	0.605871763	0.380148005	0.420499199	0.34383118	0.545744722	0.622669433	0.47476399	0.239825126	0.5644109	0.604766332	0.244057392	0.19755543	0.198900966	3.31662479	1.732050808	0	2.236067977	4.358898944
0.474468377	0.758597037	0.341172277	0.650314467	0.12571493	0.564727922	0.441825092	0.627936347	0.431283453	0.430157664	0.360365731	0.625043673	0.569734532	0.521581808	0.229048643	0.499109604	0.475068123	0.237176494	0.259545399	0.173021956	1.414213562	0	0	1	1.732050808
0.480954057	0.714479891	0.325531689	0.642441176	0.116681687	0.548342388	0.408793094	0.61633511	0.406896137	0.4296295	0.363911845	0.622728327	0.573239527	0.520186137	0.23463297	0.542196831	0.46969288	0.237521958	0.261337357	0.159896151	1.414213562	1	0	1	2
0.451349634	0.706446901	0.318043352	0.645362873	0.198498204	0.564112813	0.432318525	0.622007501	0.415068301	0.429387605	0.360688794	0.609711118	0.569450226	0.508476032	0.235838748	0.534562119	0.486584241	0.233232697	0.269500504	0.164081894	1.673320053	0.774596669	0	0.632455532	1.949358869
0.453020509	0.654624904	0.310271168	0.642546187	0.16570009	0.549411487	0.419138275	0.625008197	0.401179403	0.432189382	0.359110323	0.583770582	0.572755517	0.502895865	0.23756812	0.574204284	0.48804769	0.240649512	0.276802364	0.148433957	1.732050808	1	0	0	2
0.417333216	0.623887446	0.302942322	0.645152402	0.194432254	0.540004111	0.406055341	0.622385818	0.4019852	0.421940169	0.362953842	0.562299573	0.552800608	0.473355986	0.233386607	0.533395657	0.492220032	0.231416343	0.29497964	0.152970135	2	1	0	1	2.449489743
0.423014737	0.595544295	0.321906496	0.659440186	0.332526316	0.544148915	0.428796939	0.626448397	0.424287521	0.410224095	0.357772494	0.554128444	0.564998248	0.470964939	0.233181688	0.522065627	0.499634775	0.224854577	0.271590358	0.142390796	1.414213562	0	0	1	1.732050808
0.363881295	0.564315312	0.319416153	0.663613381	0.507077056	0.553458024	0.433127275	0.617112679	0.427333843	0.399406881	0.363059958	0.553713049	0.57116987	0.471504047	0.231207395	0.483205314	0.518025525	0.232125838	0.260455622	0.154761027	1.095445115	0.447213595	0	0.894427191	1.483239697
0.357792008	0.527835193	0.339340054	0.67629064	0.768103168	0.565654572	0.463904114	0.620195276	0.449308732	0.385633035	0.356435775	0.569103384	0.575557227	0.485670868	0.232914058	0.4860052	0.547742824	0.233398986	0.264061511	0.151186074	1	0	0	0	1
0.276478093	0.472477044	0.344719483	0.679305771	0.850345074	0.582350454	0.478616635	0.627825823	0.457631128	0.376708118	0.354429529	0.566942037	0.605120568	0.491140049	0.223457369	0.455510639	0.575107988	0.238607913	0.22501644	0.152944564	0	1	0	1	1.414213562
0.308760414	0.411891453	0.350584744	0.684873566	0.884973571	0.580288614	0.465626397	0.641299337	0.465367065	0.374815998	0.356205251	0.595555265	0.61142675	0.507719479	0.226895475	0.455461667	0.612223083	0.223115412	0.227119254	0.151130944	2.449489743	0	0	1.732050808	3
0.258564187	0.356319869	0.332063967	0.686695202	0.726219781	0.596040396	0.468811417	0.632170675	0.450586525	0.386450429	0.344817702	0.579729907	0.621485768	0.507385934	0.224135127	0.467832442	0.620502228	0.222469929	0.208263143	0.15151173	1.414213562	0.707106781	0	1.08012345	1.914854216
0.299329088	0.291198549	0.313892791	0.681605587	0.639627144	0.605844281	0.458417607	0.624060267	0.433038096	0.394170999	0.349806599	0.569850717	0.624897905	0.505342086	0.224773546	0.484672707	0.623390534	0.213478284	0.20287335	0.151995602	1.414213562	1	0	0	1.732050808
0.251016593	0.250379604	0.283070569	0.670319129	0.378509164	0.58992387	0.409212207	0.61824046	0.418171199	0.405309715	0.338377153	0.547308013	0.636962621	0.498234369	0.224421878	0.511281826	0.62292711	0.212355518	0.197441319	0.156548357	1.732050808	0	0	1	2
0.28637483	0.221229304	0.280683636	0.650278936	0.349698262	0.588918184	0.407886673	0.610722548	0.411289203	0.414578924	0.346358641	0.54678716	0.634502163	0.493553613	0.243808791	0.539753514	0.615060131	0.220943319	0.204399477	0.174112962	1.658312395	0	0	1	1.936491673
0.254570236	0.204743673	0.261686576	0.638801909	0.133314965	0.582384875	0.373050774	0.609634902	0.389870471	0.422842155	0.353402977	0.542865922	0.629516077	0.482867378	0.251178591	0.563314018	0.612389349	0.22899397	0.210769326	0.188825165	0	0	0	1.414213562	1.414213562
0.501203822	0.723915544	0.340215184	0.651707224	0.067237611	0.544731425	0.400200829	0.621315975	0.412664906	0.417725208	0.354803045	0.632371388	0.579706193	0.54277748	0.224748265	0.521657697	0.456333779	0.239783789	0.245070922	0.157016408	2.449489743	0	0	2	3.16227766
0.515023307	0.695733349	0.322845818	0.642709802	0.069380105	0.538002718	0.38758999	0.631933305	0.40156146	0.413656809	0.352573413	0.620945586	0.591599692	0.558016291	0.231377477	0.578617129	0.469729224	0.230810169	0.259870439	0.143341996	1.732050808	0	0	1.414213562	2.236067977
0.485582928	0.671034044	0.296060319	0.625476371	0.103523887	0.551089741	0.393401759	0.616360673	0.384266122	0.42968965	0.356721606	0.608286424	0.576987419	0.528417801	0.237544565	0.596594498	0.475432899	0.235247201	0.269499428	0.140550267	2.236067977	1	0	1	2.645751311
0.498691392	0.653604001	0.313105708	0.644490718	0.167466701	0.547532105	0.415771226	0.626720055	0.397488284	0.417036557	0.352475394	0.593684943	0.584122018	0.531613702	0.236236564	0.614180282	0.475787827	0.230463983	0.256155678	0.129448993	0	0	0	1.414213562	1.414213562
0.466830774	0.625425712	0.317180452	0.646874012	0.239847777	0.545736219	0.425726736	0.633822108	0.407790712	0.43318294	0.351821864	0.570240532	0.573602094	0.494395919	0.235136595	0.59585287	0.482125094	0.23870644	0.270594576	0.140685043	2	0	0	0	2
0.472613389	0.61461011	0.330159508	0.660623313	0.495857507	0.550315557	0.450347964	0.63381633	0.424092997	0.401906923	0.340825944	0.583895349	0.571216029	0.498811917	0.2374595	0.562891751	0.499175046	0.218939624	0.266092242	0.136648959	0	0	0	0	0
0.423800026	0.573013637	0.329688316	0.663108058	0.619285414	0.553969575	0.446154957	0.625914412	0.435082731	0.392675367	0.353665312	0.566007085	0.556654914	0.481545859	0.233056631	0.513900828	0.517621665	0.221956779	0.277503809	0.147211655	1	0	0	0	1
0.429608683	0.545155225	0.35304951	0.68092364	0.851743453	0.557800154	0.468115328	0.622138043	0.450463721	0.384102191	0.358972356	0.582157848	0.539033202	0.487324267	0.240850661	0.520659819	0.536048078	0.223374683	0.314279333	0.150242306	1.732050808	1	0	0	2
0.370654749	0.481322067	0.349939976	0.684091986	0.891249517	0.567366528	0.467109112	0.624677135	0.463380401	0.376430989	0.348182956	0.580361802	0.578938727	0.494731712	0.231868865	0.477501842	0.575338973	0.224155474	0.269515459	0.150766784	0	0	0	0	0
0.395569539	0.417010038	0.362404488	0.696755458	0.912930792	0.589986801	0.494727222	0.634582715	0.462252234	0.379875059	0.340506009	0.603546797	0.588110493	0.517128346	0.238639154	0.472476867	0.606525996	0.21545464	0.257934333	0.148730044	1	0	0	1	1.414213562
0.34144798	0.345329832	0.351363388	0.693469446	0.855894598	0.600500793	0.486373435	0.629150574	0.45091769	0.393177654	0.339582708	0.595893558	0.607606386	0.51026895	0.240554096	0.479562509	0.618711396	0.22003666	0.229363337	0.155588077	1	1	0	1	1.732050808
0.391515855	0.276595607	0.34593395	0.681118713	0.81460655	0.619257054	0.501095653	0.614718983	0.447585848	0.407664029	0.338173202	0.57887856	0.619826121	0.51239461	0.251429174	0.516995449	0.611875836	0.218204305	0.224947231	0.1589306	0	0	0	0	0
0.338259174	0.22977168	0.311836566	0.65940516	0.650672445	0.608190461	0.459503434	0.611244792	0.434035421	0.410840904	0.33981729	0.557623828	0.631601789	0.50223979	0.244016447	0.534842003	0.612388803	0.21895998	0.204543914	0.167996287	1.414213562	0	0	0	1.414213562
0.381110457	0.213085131	0.323880599	0.649645375	0.581481683	0.609591463	0.465302881	0.603900101	0.432195855	0.429938593	0.343430051	0.550203751	0.635327121	0.509297686	0.260713014	0.567883505	0.599226946	0.224226529	0.211265036	0.174340715	1.870828693	0.707106781	0	1	2.236067977
0.316946746	0.210135969	0.294296352	0.64277925	0.330848728	0.590554723	0.41882137	0.609099293	0.414193605	0.427747738	0.347937686	0.54356616	0.635626526	0.500085044	0.257601959	0.562399844	0.606332514	0.226977984	0.208054867	0.181827421	0	0	0	1.414213562	1.414213562
0.536389594	0.718746803	0.338013507	0.652233811	0.056074976	0.560882142	0.381150441	0.645039743	0.42102175	0.387691115	0.34228255	0.64447244	0.582879283	0.575839509	0.227915913	0.535887977	0.463065135	0.209459486	0.255132978	0.133775241	1.414213562	1	0	0	1.732050808
0.54623142	0.701351624	0.33291356	0.650636746	0.07644747	0.553819193	0.398834816	0.648823205	0.418873548	0.373791766	0.344159817	0.633016694	0.596701479	0.591745921	0.224926911	0.565666686	0.466285265	0.200986262	0.245077169	0.119947047	1	0	1	0	1.414213562
0.525803429	0.674256215	0.301311643	0.634601685	0.091988247	0.541962253	0.377593923	0.633991485	0.378246412	0.393724482	0.354400769	0.60148181	0.601274495	0.562703129	0.229940263	0.620974053	0.464821278	0.219519139	0.237026131	0.118555133	3.464101615	1	0	1.732050808	4
0.531142094	0.665535645	0.325821481	0.649743264	0.237780986	0.548546932	0.423687912	0.635950993	0.405047762	0.383215995	0.349390903	0.619535695	0.596269113	0.564140295	0.226830179	0.608545074	0.471107776	0.207803173	0.237049993	0.114124339	2.738612788	0.707106781	0	1.224744871	3.082207001
0.511896223	0.639571868	0.334796039	0.656455793	0.321001484	0.552065802	0.454004617	0.629079772	0.418475371	0.40315771	0.346210414	0.610646952	0.586906462	0.530990079	0.239058356	0.614825328	0.483141939	0.215464354	0.252921949	0.124425534	3.464101615	1	0	1	3.741657387
0.519681593	0.636824635	0.347279693	0.663324366	0.661638042	0.558069294	0.478490924	0.631194901	0.429567929	0.378343812	0.333115735	0.614326341	0.583076221	0.533426894	0.229379784	0.579832057	0.487504995	0.202584515	0.252144225	0.126959232	1.414213562	0	0	0	1.414213562
0.480514693	0.593864015	0.34772485	0.670308767	0.754679146	0.559875742	0.476832659	0.628582962	0.435620768	0.382775333	0.337023011	0.593879019	0.563941761	0.50684843	0.235890418	0.552717694	0.512685947	0.21459995	0.27426717	0.141940672	1	0	0	0	1
0.488736631	0.559468198	0.359300603	0.679219506	0.876875964	0.570997938	0.497091486	0.620514329	0.441417609	0.370980932	0.328579063	0.596580979	0.563041044	0.506272241	0.241568629	0.549164257	0.529665493	0.220102438	0.280531162	0.142237203	1.732050808	0	0	1.732050808	2.449489743
0.443758935	0.495647172	0.357135369	0.686367499	0.907552932	0.573793829	0.489188568	0.629150713	0.455674461	0.368391969	0.340277183	0.599568149	0.565511432	0.507221662	0.241126937	0.50107465	0.573318364	0.213920457	0.288978453	0.142563442	1	1.414213562	0	0	1.732050808
0.466964446	0.429830586	0.373240163	0.714139348	0.883060452	0.624712933	0.556495874	0.633799456	0.463483479	0.383064334	0.326322769	0.607856267	0.586177717	0.525069691	0.250678835	0.486306277	0.605882377	0.208029959	0.274958632	0.140421389	1.732050808	0	1	1	2.236067977
0.429615063	0.348736042	0.36660389	0.718032998	0.883774279	0.627656191	0.545276198	0.626517256	0.457253349	0.391601445	0.331727448	0.604222106	0.609000711	0.528338982	0.262369755	0.486242823	0.61885476	0.212288696	0.252989604	0.148240265	2	0	0	0	2
0.47399378	0.286610339	0.370159966	0.688297305	0.816342604	0.648959091	0.550265222	0.611071886	0.456432487	0.416370686	0.336264101	0.570915874	0.61864868	0.525199349	0.270061903	0.532948765	0.611224513	0.220394758	0.247044856	0.159663756	1.732050808	0	0	0	1.732050808
0.441464928	0.209948248	0.355684205	0.657790112	0.797953175	0.626319927	0.495171391	0.598656636	0.450918865	0.429438174	0.344418383	0.555919611	0.631757167	0.514550655	0.262564364	0.576914111	0.591668671	0.224203683	0.213522525	0.173938313	3	1.414213562	0	1	3.464101615
0.466004465	0.220336558	0.355050772	0.644423782	0.596927193	0.632059124	0.514370031	0.599160979	0.44156967	0.454274397	0.34215354	0.54995409	0.634134739	0.519543398	0.279600183	0.598769567	0.586678367	0.229579794	0.229422369	0.173271067	2.160246899	1	0	0.816496581	2.516611478
0.410195295	0.21430465	0.332640784	0.639921622	0.447858659	0.614773829	0.48014604	0.602935351	0.429701552	0.451287122	0.343103411	0.545832295	0.635017658	0.514508384	0.273738385	0.592238533	0.58911073	0.229975754	0.220123924	0.17769816	1	1	0	0	1.414213562
0.561990495	0.731859242	0.345643673	0.657140465	0.049313704	0.578650123	0.379427601	0.661592071	0.439967615	0.360023981	0.335290755	0.66668691	0.594835073	0.6112185	0.23249731	0.495442579	0.45589552	0.17638906	0.27010427	0.125145783	3	0	0	1.414213562	3.31662479
0.569085597	0.716318572	0.336839816	0.66146989	0.100055077	0.567537232	0.421835443	0.658287809	0.449010266	0.355296177	0.337830136	0.661769394	0.60834383	0.614503626	0.219964136	0.526159631	0.459381671	0.170414801	0.244498644	0.104157153	2.449489743	1.414213562	0	1.732050808	3.31662479
0.548096149	0.684712491	0.332274755	0.650715851	0.169018149	0.550445245	0.416405466	0.646661526	0.409280372	0.356940393	0.34718338	0.634725234	0.602809018	0.59148291	0.218409223	0.583811158	0.469518636	0.189342851	0.21940148	0.104582808	2.449489743	0	0	0	2.449489743
0.554533954	0.683771243	0.336026836	0.655710958	0.348850329	0.557884684	0.428176381	0.639604666	0.420339298	0.360021286	0.34878473	0.639091151	0.593612988	0.579780279	0.214722311	0.575449729	0.465709408	0.188251023	0.234788059	0.105076893	2	0	0	0.816496581	2.160246899
0.540810626	0.661776695	0.342801723	0.658438762	0.528861818	0.556626383	0.46245972	0.633991448	0.424398886	0.369311353	0.339591587	0.628392074	0.591589028	0.55724398	0.223323066	0.588937731	0.470470449	0.195432932	0.242309182	0.11181603	2.792848009	0.447213595	0	1	3
0.553894908	0.660729135	0.357756363	0.662552732	0.822145935	0.559834602	0.498225281	0.636005251	0.437201672	0.34856771	0.328933318	0.634494239	0.59224647	0.558932999	0.217629739	0.57125321	0.467907868	0.183279632	0.242549689	0.108720913	4.472135955	0	0	2	4.898979486
0.5262359	0.613692143	0.357103095	0.669778256	0.830937342	0.56561589	0.495642626	0.625967684	0.43187546	0.366528167	0.323594559	0.617638957	0.576919259	0.534214757	0.229617986	0.568928936	0.49803813	0.204021287	0.256695091	0.127163633	1	0	0	0	1
0.529418987	0.556801939	0.360727376	0.677874823	0.814346192	0.576045908	0.516953716	0.625232064	0.440170787	0.374146118	0.322164502	0.601648887	0.573207872	0.524464246	0.231077579	0.529004545	0.537836985	0.204310838	0.264305752	0.136115943	0.912870929	0.40824829	0	0.816496581	1.290994449
0.496218978	0.499315087	0.365596384	0.692209064	0.844765507	0.591488885	0.527662368	0.627963457	0.451818513	0.378362281	0.327124886	0.598992711	0.574304209	0.519615766	0.241780699	0.507281236	0.571581844	0.21017792	0.278130955	0.141777287	0	0	0	0	0
0.51494416	0.434763078	0.370592439	0.695499131	0.701893895	0.620441578	0.554366824	0.628241324	0.458424706	0.395141502	0.325223438	0.588261081	0.59161233	0.524397265	0.247629672	0.491285777	0.606551135	0.213031129	0.268862122	0.151142759	1.154700538	0.577350269	0.40824829	0.707106781	1.527525232
0.496707112	0.364310121	0.381071451	0.715535308	0.787094777	0.652134849	0.577226696	0.623330566	0.461008686	0.401407219	0.328729332	0.586238734	0.610297214	0.524091993	0.265452477	0.501421735	0.621567797	0.214262059	0.26835753	0.154513186	1.414213562	0	0	0	1.414213562
0.533707117	0.323441274	0.374123889	0.683902692	0.6522405	0.664595783	0.57453463	0.626083688	0.462686027	0.426178718	0.341894778	0.57055681	0.619028659	0.521793582	0.270519002	0.533147161	0.603550139	0.228415083	0.259625929	0.173266869	1.732050808	0	0	1	2
0.512268836	0.248977869	0.37446458	0.65172789	0.691620491	0.649359713	0.549429119	0.601068461	0.453297125	0.449362152	0.341368215	0.555046933	0.631037063	0.523072079	0.286617499	0.586465606	0.591759996	0.228237036	0.247361547	0.166378152	2	0	0	1	2.236067977
0.53163256	0.240966739	0.363169222	0.622692602	0.385341663	0.647181113	0.545551675	0.603879366	0.440692987	0.47865323	0.345720913	0.540335181	0.633613924	0.521874209	0.298710221	0.61704471	0.589105631	0.242765864	0.251206481	0.175673811	1.483239697	0.632455532	0	0.774596669	1.788854382
0.493122569	0.21966216	0.352288363	0.622200404	0.345416759	0.632484354	0.522586441	0.598612305	0.430439186	0.485597133	0.340889565	0.541927231	0.634311891	0.524385293	0.291765023	0.632790067	0.569306203	0.238716031	0.236884533	0.180967242	1	1	0	0	1.414213562
0.588795743	0.75388186	0.340519985	0.653741981	0.05734352	0.56329634	0.404179959	0.666363933	0.458429446	0.341111768	0.333630892	0.661914723	0.624904469	0.618432048	0.197371004	0.455501725	0.424536061	0.152676584	0.240360212	0.103534038	3.16227766	0	1	1.732050808	3.741657387
0.597690715	0.746456516	0.326365371	0.657202774	0.151772828	0.565376335	0.40405398	0.65384423	0.45764566	0.346994779	0.341890956	0.640851433	0.608732267	0.59068827	0.192681407	0.461991334	0.435129663	0.163086573	0.241520923	0.112287537	1	0	0	0	1
0.571819985	0.713114287	0.336041945	0.660577574	0.283819683	0.571961639	0.402300446	0.644001234	0.437855366	0.352759935	0.356759212	0.647583064	0.589402846	0.593422642	0.206809844	0.536796353	0.458234496	0.177369891	0.242393685	0.101187169	2	0	0	1.414213562	2.449489743
0.581034001	0.70422659	0.334303374	0.660674496	0.412058162	0.567810929	0.424279676	0.639845826	0.438185993	0.353804761	0.347024846	0.641598799	0.594224029	0.576838099	0.204150995	0.521879121	0.456246991	0.177471198	0.244937267	0.109083886	1.414213562	0	0	0	1.414213562
0.562903316	0.673286887	0.346401566	0.66206216	0.605236155	0.563971035	0.468484107	0.63627237	0.432332584	0.355288513	0.338796318	0.635903436	0.589973522	0.56572444	0.213500486	0.558407337	0.466150869	0.183920908	0.24309296	0.108361727	2.886751346	0	0	1.154700538	3.109126351
0.573277533	0.64461682	0.352433951	0.670875136	0.728518617	0.575168963	0.505707315	0.635549172	0.438254422	0.355078247	0.33442632	0.629819091	0.581696912	0.553669388	0.212739044	0.531931667	0.484495841	0.182706309	0.249968211	0.11434715	1.732050808	0	0	0	1.732050808
0.556018533	0.609003453	0.353727322	0.668214654	0.792613281	0.569478151	0.508226067	0.628411438	0.43657688	0.360640529	0.328720586	0.612724415	0.57952245	0.541854878	0.219535163	0.540526362	0.504566298	0.191276939	0.252150191	0.123977956	0	0	0	1	1
0.568075164	0.536613208	0.355789238	0.672082514	0.646805799	0.582294981	0.530713956	0.626344006	0.443218131	0.381054201	0.320548259	0.594181032	0.585570144	0.533230525	0.222906263	0.499279749	0.563089869	0.200130888	0.255513264	0.142116744	0	0	0	0	0
0.543606164	0.489626501	0.362717294	0.680258543	0.659100855	0.595698243	0.536543779	0.624334704	0.451127694	0.3920071	0.324395909	0.586362351	0.577445172	0.525297879	0.233868695	0.491187243	0.589904195	0.20799978	0.265134685	0.146387287	1	1	0	0	1.414213562
0.555425583	0.446332702	0.362403482	0.667507813	0.383189211	0.60347772	0.532740803	0.629069806	0.457082584	0.413814271	0.322982242	0.571976108	0.602219804	0.52516883	0.234205189	0.479780162	0.613412885	0.220418028	0.252972596	0.160399499	1	0	0	1.414213562	1.732050808
0.541035758	0.387957387	0.370847659	0.675185226	0.502177256	0.640263356	0.56727014	0.627555626	0.460616106	0.420264161	0.330940456	0.570814348	0.609577987	0.521861624	0.256137335	0.503991635	0.622444291	0.226300157	0.261411441	0.163233989	1	1	0	0	1.414213562
0.569346805	0.35246248	0.372688692	0.635880466	0.315723137	0.655335511	0.56792794	0.61986245	0.455195542	0.45231833	0.338273681	0.567254082	0.620201786	0.518666147	0.281865473	0.541355953	0.631162565	0.236485325	0.273710473	0.163667848	1	0	0	0	1
0.558290156	0.291934349	0.372321573	0.631806663	0.407344872	0.668106612	0.567385251	0.606136552	0.450973325	0.470109568	0.344436288	0.552570774	0.623327085	0.517810853	0.299707523	0.58639454	0.611579316	0.239053043	0.267259789	0.165741537	1.414213562	1	0	0	1.732050808
0.575780186	0.261430084	0.367136845	0.599705862	0.150080401	0.665300504	0.572231584	0.605688142	0.436420183	0.491837525	0.355025562	0.532404343	0.629324023	0.518400453	0.312508472	0.61902104	0.606257229	0.25790174	0.272560975	0.175756575	0	0	0	0	0
0.550926034	0.211474966	0.339406541	0.586076642	0.145840667	0.617133713	0.516792269	0.614121027	0.429778061	0.491832052	0.354276845	0.509861052	0.645065493	0.523647475	0.310637424	0.641767053	0.57385074	0.260976787	0.24539069	0.198963577	2	0	0	1.414213562	2.449489743
0.624474166	0.781787529	0.307149766	0.653272311	0.077621277	0.56047008	0.397986932	0.653386189	0.467831128	0.334684225	0.334043341	0.61360648	0.613104558	0.571975509	0.168338127	0.387389948	0.413603639	0.152864582	0.228112864	0.127239063	2	0	0	0	2
0.643548617	0.769864321	0.295446351	0.651418778	0.146274473	0.569224815	0.406221997	0.639649044	0.474853039	0.338137715	0.341840485	0.612042627	0.607101453	0.545489715	0.161918067	0.368610548	0.422687683	0.158761266	0.230470068	0.142293368	2.483277404	0	0	1.354006401	2.828427125
0.608641451	0.741258462	0.317906414	0.659173478	0.324593581	0.564772731	0.398258207	0.643851461	0.459737774	0.3400108	0.35069099	0.632824637	0.601817686	0.573763287	0.181932024	0.453109618	0.432964567	0.164854413	0.238823405	0.116623451	2.645751311	0	0	1	2.828427125
0.617065005	0.718287748	0.320945203	0.661170485	0.370097976	0.574540097	0.43185061	0.638607812	0.455566907	0.347740232	0.345530479	0.630165291	0.603069736	0.56074482	0.185738163	0.452066421	0.449162391	0.170739964	0.242080641	0.126180453	1.825741858	0	0	0.577350269	1.914854216
0.588928915	0.675718766	0.339790379	0.664138327	0.542852717	0.573431205	0.466588805	0.637228893	0.43999476	0.355929396	0.339807799	0.631399002	0.59343194	0.560627601	0.204671504	0.510689801	0.471176992	0.180764452	0.246758607	0.117424233	1.414213562	0	0	0	1.414213562
0.601813884	0.621409774	0.341953294	0.664330041	0.564981606	0.583054721	0.499349103	0.633088288	0.440961189	0.367982411	0.332323208	0.614459719	0.593634506	0.545302845	0.207893778	0.491572279	0.510996212	0.189620555	0.250523025	0.129282136	1	0	0	0	1
0.585635458	0.57801061	0.350326595	0.659898633	0.636170261	0.582907365	0.521814506	0.629447781	0.441425962	0.372570688	0.327143728	0.603699865	0.588851318	0.540683104	0.213988862	0.501709534	0.535776431	0.192197617	0.250379685	0.136591566	0	0	0	0	0
0.602944276	0.513865564	0.345151847	0.66974999	0.431794301	0.586072418	0.540056898	0.62635176	0.451488995	0.390927073	0.31586107	0.5739854	0.601792296	0.533969502	0.215670115	0.468630112	0.589085293	0.203249077	0.250828436	0.143263474	1	1	0	1	1.732050808
0.580680281	0.486600061	0.353440701	0.668977491	0.388735643	0.586219845	0.533176616	0.627134656	0.453533882	0.406071427	0.320600866	0.581332627	0.598105975	0.52586684	0.224617746	0.472617124	0.604273161	0.213031535	0.250729368	0.14973371	1.414213562	0	0	0	1.414213562
0.582135462	0.476809981	0.355513292	0.663758454	0.132746397	0.598789824	0.535977135	0.641903982	0.454180557	0.43363956	0.332841319	0.580468351	0.620367853	0.525706859	0.2292633	0.482406121	0.604179862	0.2299829	0.248655122	0.151815041	3.31662479	0	0	2.236067977	4
0.575162215	0.413837096	0.362423766	0.633731911	0.20140015	0.621112709	0.541036388	0.626893424	0.457940301	0.438418011	0.329008145	0.565791217	0.618125142	0.516077721	0.252407057	0.503361386	0.630429075	0.232736563	0.262933366	0.161765518	1	1	0	0	1.414213562
0.591461652	0.37466175	0.375431125	0.591477375	0.089413156	0.648152088	0.551469966	0.618942009	0.456102444	0.454113228	0.336158427	0.586410282	0.625169712	0.519185284	0.289389831	0.540849036	0.656382644	0.236549053	0.30154451	0.15066618	2.449489743	2	1	1.414213562	3.605551275
0.589933533	0.323440312	0.377313519	0.599613803	0.135960632	0.671366312	0.573003176	0.605065277	0.442833221	0.482886543	0.34854119	0.55519364	0.62226115	0.51834848	0.311617256	0.587473793	0.632575259	0.252499326	0.288518721	0.162578616	1	0	0	0	1
0.603892011	0.297881084	0.38949037	0.58490328	0.037756094	0.690323697	0.600123456	0.598882558	0.433100033	0.501820627	0.363610888	0.534272821	0.617540697	0.510349287	0.323192587	0.611179471	0.62260861	0.269290632	0.295464974	0.171565198	3.872983346	1.414213562	0	1.414213562	4.358898944
0.590188462	0.219253308	0.360492939	0.594296905	0.045759351	0.665217122	0.58271077	0.602688812	0.424107193	0.492290014	0.372939571	0.501529887	0.630297533	0.511184018	0.312513757	0.629302453	0.597868982	0.262703509	0.272515563	0.183043463	3	1	0	1.414213562	3.464101615
0.669872764	0.797820288	0.252194166	0.647222863	0.085557325	0.546418765	0.376587436	0.633012843	0.477594469	0.328857506	0.343986158	0.585981478	0.606518196	0.510437439	0.143320455	0.311929811	0.405864999	0.162378776	0.223267441	0.176194902	2.449489743	0	0	1.414213562	2.828427125
0.684943916	0.768505398	0.300214544	0.646780298	0.111091951	0.602423835	0.439164024	0.61741194	0.500525191	0.348734483	0.338443411	0.596574754	0.601592667	0.513545508	0.146132169	0.301519931	0.433242411	0.157617847	0.230241803	0.166726202	4.242640687	0	0	2.828427125	5.099019514
0.653003544	0.750958819	0.297942495	0.655689446	0.22783766	0.581206218	0.425714588	0.637091896	0.480464727	0.338823865	0.349190057	0.619646825	0.612036608	0.543085277	0.162936069	0.371054634	0.434503716	0.162296607	0.233275786	0.147748776	1	0	0	0	1
0.657472592	0.721053076	0.311214381	0.662793161	0.329370705	0.588619166	0.44547239	0.630518283	0.469936967	0.346767754	0.345763519	0.617778968	0.605987217	0.541479744	0.172942335	0.390493583	0.452548455	0.17001757	0.242882311	0.149003286	0.707106781	0	0	1	1.224744871
0.625343121	0.670795342	0.327271123	0.663747887	0.440054878	0.582490417	0.466023398	0.632769004	0.450009103	0.357164136	0.339548769	0.618829248	0.599884674	0.548222803	0.193840231	0.4532206	0.480289684	0.179787204	0.248496413	0.131893589	1	0	0	0	1
0.639718155	0.597250875	0.323336848	0.660996789	0.391747108	0.585444787	0.487871407	0.62579266	0.444059581	0.36929643	0.332327119	0.600172812	0.59513498	0.53490443	0.202924492	0.444951216	0.52910653	0.189097387	0.255516908	0.131563392	1	0.707106781	0	0	1.224744871
0.617729714	0.550987509	0.335360881	0.660453625	0.407141406	0.584021022	0.517860327	0.627337029	0.444975338	0.38241364	0.323755432	0.591409034	0.59571572	0.534321708	0.211294979	0.462578524	0.560140282	0.195939959	0.254203825	0.134361586	1.095445115	0.632455532	0	0.774596669	1.483239697
0.628820993	0.508160707	0.325679704	0.652727345	0.193217281	0.57538655	0.513783663	0.625244237	0.451688364	0.396418257	0.317223019	0.583868417	0.602129657	0.525453107	0.211720037	0.441338229	0.587840298	0.201756327	0.253415811	0.135551914	1.732050808	0	0	1.414213562	2.236067977
0.605917682	0.492694004	0.335791506	0.659685786	0.164522551	0.574678279	0.515768457	0.631101497	0.456598301	0.413121574	0.313453497	0.586134631	0.611537292	0.521170877	0.221240813	0.464770008	0.605898988	0.218670508	0.25129934	0.151430687	1	0	0	0	1
0.624413191	0.471498701	0.342800695	0.655450196	0.045949688	0.581437344	0.524600738	0.635143916	0.464968964	0.420702408	0.311346096	0.593630576	0.609387906	0.513669178	0.224613775	0.456397897	0.63646554	0.221498475	0.26028708	0.1572854	3.464101615	1.414213562	0	2.236067977	4.358898944
0.60640425	0.431802772	0.350541009	0.632260584	0.063435511	0.614171054	0.525673821	0.624628011	0.456360662	0.440069392	0.322243511	0.577396119	0.616954847	0.514132579	0.251181688	0.495481675	0.643761185	0.23258584	0.271865083	0.156575682	2	0	0	1	2.236067977
0.628975994	0.392217111	0.355457236	0.619000418	0.036830161	0.643728254	0.527230468	0.606679407	0.449329286	0.453766387	0.329871434	0.585175138	0.611193308	0.513193208	0.28970767	0.530861278	0.65134899	0.235933855	0.294978669	0.160744268	2	0	0	0	2
0.619566525	0.349679907	0.369439452	0.608509924	0.038384135	0.671105982	0.573397296	0.597689906	0.430956659	0.486742809	0.339255193	0.56069229	0.615279395	0.516074235	0.322432595	0.587650813	0.633687845	0.250736869	0.298495684	0.161533976	2.828427125	0	0	2	3.464101615
0.633172822	0.308433768	0.394335357	0.631340781	0.019771983	0.703614932	0.605354273	0.594783587	0.44933384	0.463993057	0.362539612	0.547358209	0.604243235	0.520735653	0.336263577	0.555466439	0.639118556	0.237545726	0.312640179	0.168132497	1.732050808	1	1	1.414213562	2.645751311
0.61706644	0.254298241	0.373442869	0.600736356	0.020790259	0.691792451	0.610301286	0.577555844	0.448065401	0.477348279	0.381799872	0.536970974	0.597933562	0.522518535	0.335987747	0.583208966	0.620370948	0.241029616	0.311459758	0.164385862	1.732050808	0	0	1.414213562	2.236067977
0.710656098	0.81359904	0.288949822	0.663489012	0.154631509	0.594949699	0.437394409	0.638743899	0.492390035	0.345385662	0.337186849	0.619330148	0.616017071	0.518619717	0.15705048	0.32332031	0.442775859	0.171647773	0.258100696	0.242066502	3.605551275	0	0	0	3.605551275
0.714808678	0.785665698	0.303303304	0.66740948	0.256744918	0.605952353	0.444862998	0.62452795	0.497567557	0.348280532	0.342036967	0.618553932	0.604823607	0.523701769	0.158209093	0.318707372	0.442254805	0.171742557	0.251906432	0.220517124	2.828427125	0.447213595	0	1.673320053	3.31662479
0.687792081	0.754598598	0.303656669	0.660785476	0.249675028	0.601216997	0.447368571	0.624391325	0.488733039	0.345208041	0.345142602	0.613371893	0.607450147	0.529841377	0.157511532	0.334659357	0.44076394	0.165170021	0.241043296	0.175469078	0	0	0	1.414213562	1.414213562
0.694889213	0.709821132	0.30671164	0.669835546	0.377280278	0.602840374	0.452579016	0.621183389	0.477362293	0.348392806	0.348096613	0.613244361	0.602174538	0.528135217	0.170767688	0.358853549	0.464685224	0.174603301	0.248628196	0.164331644	0	0	0	1.414213562	1.414213562
0.667451559	0.655554192	0.312030178	0.665733273	0.378409029	0.591762322	0.461005896	0.623660314	0.45753647	0.355771558	0.342285638	0.606729573	0.599357262	0.532863293	0.186419217	0.405076388	0.491846185	0.180397426	0.25123058	0.142132268	0	0	0	0	0
0.683053298	0.575237847	0.298434336	0.66040576	0.300697355	0.586716124	0.456318608	0.615239775	0.444096116	0.363032532	0.33754722	0.586529454	0.592010178	0.520813613	0.196520934	0.407778765	0.536401877	0.188692927	0.25510519	0.130192815	0.707106781	0.707106781	0	0	1
0.655722553	0.53576571	0.312580116	0.650744035	0.222962255	0.580953094	0.492105823	0.619339186	0.438205178	0.379224226	0.322522607	0.584262651	0.589640478	0.527211244	0.20972479	0.431231648	0.571306236	0.194413778	0.264174948	0.12607327	1	1	0	0	1.414213562
0.667718443	0.494786759	0.299705594	0.636835286	0.099147236	0.57195962	0.463628965	0.608506408	0.435116124	0.382042257	0.322796905	0.568706923	0.592541235	0.512370547	0.207491057	0.417365338	0.586192699	0.200821162	0.257518827	0.127581877	1	0	0	1	1.414213562
0.6375759	0.480208746	0.313647809	0.643196104	0.066445177	0.56664028	0.486421901	0.616155359	0.450431708	0.403345601	0.306000798	0.591379102	0.596599847	0.516717959	0.212052543	0.435249583	0.615072849	0.211202175	0.25717693	0.141899057	2.449489743	1.414213562	0	0	2.828427125
0.667552939	0.454630733	0.327544828	0.64475521	0.036258289	0.593003469	0.472126628	0.612266156	0.461513313	0.408352353	0.318751677	0.590589677	0.596191883	0.510916895	0.237078082	0.444723477	0.63521179	0.21925043	0.275850036	0.142426819	1.414213562	1.414213562	0	0	2
0.646632872	0.434217778	0.33838293	0.640462493	0.031337075	0.612688192	0.505114132	0.608177485	0.460735801	0.428209834	0.318615487	0.575661833	0.590531042	0.507109424	0.260880764	0.473009848	0.662832994	0.228093101	0.285710258	0.160617124	2.449489743	0	0	1	2.645751311
0.682239764	0.388342824	0.339114735	0.627471586	0.044997512	0.633808852	0.498553274	0.594075943	0.450087201	0.435108102	0.334785351	0.575450992	0.591581209	0.491447002	0.288270429	0.486610877	0.650686757	0.226370656	0.302408285	0.184802691	1.414213562	0	0	0	1.414213562
0.65501947	0.346801197	0.365391061	0.625044213	0.031270142	0.671586224	0.549745658	0.589554466	0.448661605	0.451041308	0.348587416	0.567940567	0.596240729	0.502852649	0.316225061	0.523679901	0.640399963	0.231283728	0.306239735	0.183001182	1.732050808	1	0	1.414213562	2.449489743
0.686858643	0.314976218	0.380120616	0.643302026	0.033058767	0.700531991	0.573712522	0.582787729	0.459471279	0.432823257	0.367134482	0.567944115	0.587391006	0.500745869	0.329162459	0.474942541	0.631268972	0.215411444	0.313003498	0.199229543	0	0	0	1	1
0.65480733	0.279051937	0.402740978	0.647096631	0.016802662	0.715167655	0.619112692	0.576835126	0.467486379	0.454057007	0.381282066	0.571907466	0.58335858	0.524222637	0.357782602	0.502665777	0.641200101	0.213248966	0.3268485	0.169694037	3.16227766	0	0	1	3.31662479
0.750363497	0.803116724	0.317006836	0.682902903	0.319675773	0.614146708	0.432951923	0.623577667	0.506271308	0.35182876	0.346081793	0.63307312	0.594432684	0.527934329	0.173267015	0.329821635	0.450626385	0.189755157	0.276253007	0.284723679	3	1	0	1.732050808	3.605551275
0.745425194	0.77929525	0.314971017	0.681584773	0.426629682	0.619355814	0.445512931	0.618629628	0.50354592	0.350421522	0.354472848	0.631828536	0.594339787	0.525786177	0.172760069	0.32929714	0.455736048	0.188758953	0.270371714	0.239166016	0	0	0	1	1
0.719014191	0.749725911	0.307791881	0.67391979	0.398031316	0.612227098	0.45212853	0.61989626	0.493494046	0.347950995	0.349658168	0.620162691	0.601159292	0.524245694	0.165078996	0.330865751	0.454345439	0.17618531	0.253411252	0.195839897	0.577350269	0	0.577350269	1.154700538	1.414213562
0.722741412	0.68780113	0.304673372	0.678934612	0.510288429	0.615471969	0.456234397	0.614346341	0.482363873	0.349404604	0.352225389	0.613642396	0.596215881	0.51965539	0.174326251	0.345558038	0.479104377	0.179751347	0.251796574	0.16197708	1.08012345	0	0.40824829	0.912870929	1.471960144
0.706627963	0.633382886	0.297200507	0.672912701	0.400981163	0.600822951	0.446855346	0.614200445	0.462116504	0.352644837	0.347681769	0.599319177	0.594798562	0.519475877	0.183640221	0.376201625	0.502641964	0.183015666	0.251556402	0.14322455	0	0	0	0	0
0.723288754	0.559479033	0.275431633	0.669706837	0.296637126	0.590181543	0.415411577	0.605471925	0.447145244	0.35421475	0.346302227	0.576678623	0.589325577	0.509564605	0.18881333	0.38208731	0.53224421	0.188547042	0.247425497	0.12606372	0.866025404	0	0	0.707106781	1.118033989
0.6994475	0.518137365	0.277176155	0.64609544	0.166736053	0.574042601	0.425061866	0.604701083	0.431308411	0.364614501	0.335059907	0.564563957	0.587584799	0.508497676	0.197279995	0.399855166	0.559635444	0.193238609	0.250918589	0.122880461	0	0	0	0	0
0.72000386	0.482903364	0.266402957	0.626193293	0.088030568	0.570991354	0.387771444	0.587549631	0.423417299	0.371877926	0.332473514	0.545924218	0.584257821	0.503770013	0.196958282	0.390644992	0.569890873	0.198249101	0.244707405	0.121071961	1	0	0	0	1
0.689192245	0.464786269	0.299500808	0.636988531	0.051953784	0.578113435	0.435486892	0.596843065	0.43617211	0.388049851	0.31611968	0.565520232	0.589224844	0.510460024	0.215784732	0.418589393	0.60356365	0.207305072	0.260484804	0.128234052	2	0	0	0	2
0.717751337	0.43393968	0.315840203	0.638437785	0.077854035	0.60108651	0.426710388	0.593374178	0.448152729	0.39791198	0.333014433	0.564271907	0.585625806	0.507822272	0.245516956	0.421419587	0.615682561	0.218466364	0.270375884	0.144889845	2.236067977	0	0	0	2.236067977
0.702404241	0.413732213	0.32558913	0.626416933	0.054133296	0.612628747	0.452667428	0.589486126	0.461057604	0.418166217	0.336687714	0.57390011	0.567791363	0.501971746	0.273213815	0.452839293	0.654943726	0.222574946	0.294092981	0.157669314	2.645751311	0	0	1	2.828427125
0.737731526	0.368694155	0.334546451	0.627759569	0.141152423	0.643898909	0.475806226	0.583569752	0.450453958	0.412983828	0.349755064	0.565711436	0.567688869	0.482873002	0.288563789	0.438337892	0.624642039	0.217175933	0.297085619	0.186294228	1	0	0	0	1
0.720107148	0.342974321	0.353919101	0.627150719	0.080219427	0.668072714	0.518773535	0.582446103	0.453890494	0.413882702	0.354861703	0.570045861	0.58060112	0.481516177	0.306547177	0.448709038	0.630135087	0.215121434	0.306170482	0.205334306	1	0	0	1	1.414213562
0.75831308	0.320129655	0.366836035	0.6591609	0.081458571	0.698338422	0.54032145	0.575433978	0.467272767	0.390105804	0.372056608	0.584310595	0.580315461	0.478390559	0.299012109	0.385055432	0.603802496	0.202810121	0.302215177	0.235365164	2	0	0	1	2.236067977
0.716962607	0.300514771	0.381800861	0.658154468	0.034507181	0.70783205	0.577798839	0.573174838	0.469985259	0.404130047	0.370097642	0.589485372	0.591507823	0.495408551	0.330274904	0.414651828	0.616874356	0.198565194	0.311909109	0.206620785	2.236067977	0	0	1.414213562	2.645751311
0.768598986	0.792236999	0.328910708	0.68699495	0.446462346	0.630224324	0.441611053	0.615459882	0.508394138	0.352429114	0.36278224	0.636959864	0.592008994	0.531288272	0.190128908	0.342999002	0.472883763	0.20609631	0.294748702	0.272238839	2.236067977	0	0	0	2.236067977
0.759913152	0.756964366	0.320855002	0.686480421	0.558363334	0.62982447	0.451650445	0.61417051	0.508690173	0.349208961	0.361297397	0.639086623	0.594158142	0.529852165	0.180455232	0.332788411	0.47145123	0.193871687	0.275060302	0.228283859	1.414213562	0	0.447213595	0.894427191	1.732050808
0.737378194	0.730242685	0.311119892	0.682062694	0.582643427	0.621825072	0.45744924	0.618104625	0.501556486	0.347611861	0.354784418	0.624855743	0.59750875	0.520810104	0.169566664	0.324887092	0.465960169	0.180035114	0.257320359	0.185969047	1	0	1	1	1.732050808
0.732973177	0.665335567	0.310813178	0.685052325	0.66366027	0.62869924	0.473689968	0.609853653	0.48522639	0.352210699	0.355443035	0.617620312	0.588992388	0.518435411	0.177600979	0.33958362	0.489541598	0.179962162	0.249682787	0.143441896	2.449489743	0	0	1.732050808	3
0.732802104	0.612728947	0.289703387	0.68292329	0.486163361	0.610334017	0.434053545	0.609037967	0.466837036	0.349307822	0.352192558	0.600835656	0.593135809	0.511213289	0.186662235	0.365101642	0.512680112	0.185765936	0.248757692	0.134756885	0	0	0	1	1
0.752078254	0.555130824	0.259277921	0.690244686	0.320605879	0.595005863	0.386632569	0.597443977	0.450159375	0.350524527	0.353104474	0.571443256	0.582914947	0.500520001	0.183110744	0.370088707	0.527183903	0.18807891	0.24319208	0.122302108	1.414213562	0	0	1	1.732050808
0.741705639	0.509939738	0.253482702	0.660299065	0.170328707	0.578480603	0.374010016	0.599583573	0.438449279	0.352230936	0.345561359	0.554447517	0.592003999	0.505182331	0.18325677	0.372319451	0.53827706	0.191506289	0.233049823	0.117289177	1	0	0	0	1
0.75944057	0.476305369	0.225816171	0.6454482	0.116125238	0.561936057	0.326324917	0.582351306	0.418218134	0.349802241	0.334234286	0.522415413	0.594774159	0.488493567	0.182804499	0.365914475	0.538832718	0.19774375	0.221314611	0.117920198	3	0	1	1	3.31662479
0.744660832	0.452200431	0.286913283	0.642576434	0.090307	0.588711316	0.380754944	0.578468894	0.433937114	0.376267034	0.337506285	0.538428267	0.583893998	0.498248821	0.212982518	0.393922084	0.579737761	0.210789578	0.245424676	0.129415551	3	1.732050808	0	1	3.605551275
0.753592392	0.420572806	0.308706279	0.643442355	0.245510319	0.61337188	0.407527086	0.587612786	0.443896433	0.384043377	0.340371542	0.556919233	0.580762131	0.502231253	0.239502874	0.401787003	0.58513051	0.209340331	0.263553366	0.139690464	0	0	0	0	0
0.746679088	0.393779981	0.321670586	0.63129625	0.195744828	0.626149229	0.436663146	0.587701792	0.446772401	0.402628666	0.350889202	0.56654546	0.565072874	0.495922241	0.267827587	0.421446354	0.610971933	0.215109109	0.284073569	0.161093159	1.732050808	0	0	0	1.732050808
0.77880198	0.350341972	0.342221389	0.638534073	0.382952443	0.655758903	0.473313259	0.584404399	0.44508393	0.39874465	0.369298386	0.573344991	0.5572758	0.488557011	0.28737248	0.415757447	0.591029753	0.206945021	0.293726335	0.167744426	1	0	0	0	1
0.772459379	0.329440161	0.355104885	0.649258263	0.237719627	0.677797614	0.516610689	0.578468458	0.45508102	0.395222408	0.351261756	0.577422581	0.564680889	0.470389404	0.292074944	0.393899741	0.597629108	0.203726	0.29824512	0.194508564	1	1	0	1	1.732050808
0.820865243	0.314046755	0.35416152	0.656435829	0.12261309	0.688268522	0.500856179	0.570970706	0.470104795	0.373596994	0.360834363	0.582536868	0.554908467	0.468573172	0.271242439	0.34297938	0.554466201	0.195431514	0.297717666	0.180240017	5.477225575	0	0	2	5.830951895
0.776419931	0.307862761	0.370015856	0.662417829	0.064633483	0.704935039	0.546426039	0.579698816	0.485784864	0.368432976	0.375403678	0.602848743	0.588863919	0.470181073	0.289288666	0.345961805	0.578147038	0.192744332	0.289232871	0.252937083	3.464101615	1	0	1	3.741657387
0.775783373	0.759103261	0.318978175	0.688930092	0.521696213	0.631347344	0.438551847	0.608113705	0.501209029	0.354153109	0.365581717	0.639099852	0.587020986	0.528260927	0.188546244	0.346281581	0.473985687	0.206792049	0.284170163	0.24802197	1	0	0	1	1.414213562
0.764831446	0.721871015	0.317323892	0.69398511	0.643304156	0.630118909	0.445894958	0.615117162	0.503842977	0.347149273	0.361038645	0.640959899	0.594979103	0.527896466	0.180770364	0.338195242	0.487425507	0.194114405	0.266642677	0.200257621	1.322875656	0.5	0	0.866025404	1.658312395
0.746749515	0.703374865	0.317493496	0.690190629	0.691313228	0.629687606	0.464156779	0.615877814	0.512644071	0.342875671	0.356622213	0.645675783	0.59636911	0.531787247	0.171379803	0.323494334	0.485716631	0.176032485	0.248927216	0.163420611	1.732050808	0	0	1	2
0.749255452	0.635005154	0.298420595	0.698790595	0.696617342	0.619773999	0.442110055	0.61938407	0.48619909	0.340445706	0.356259271	0.622882706	0.597997392	0.517505253	0.181274098	0.349142569	0.508051027	0.183716434	0.24668468	0.138596711	1.870828693	0.577350269	0	1	2.198484326
0.747069753	0.595496791	0.284461956	0.690783825	0.560518166	0.609647892	0.417421466	0.610540974	0.464601063	0.347875883	0.352716313	0.601716088	0.595769457	0.509092178	0.192396237	0.360729014	0.521888646	0.188700971	0.244994478	0.127773242	1.414213562	0	0	0	1.414213562
0.759930252	0.548943314	0.261243183	0.687344359	0.409817312	0.592569116	0.374403675	0.604505563	0.448572044	0.349929038	0.347917077	0.578708176	0.600026071	0.501036283	0.187612821	0.367216133	0.529115779	0.195629035	0.234781764	0.12148349	1.414213562	0	0	0	1.414213562
0.761352717	0.511651275	0.239362724	0.678078232	0.224021609	0.578926315	0.355565468	0.600046935	0.43399152	0.344101484	0.347467734	0.552946686	0.599048699	0.504383506	0.177529783	0.363598351	0.526359611	0.190246927	0.222245467	0.115009216	1.732050808	0	0	1	2
0.766042245	0.471841899	0.25876761	0.662411776	0.265124749	0.588386794	0.356939451	0.588507403	0.434405197	0.355058877	0.341749816	0.55155523	0.59716291	0.503997515	0.198119836	0.371427869	0.540353439	0.196317101	0.234229631	0.121174479	0	0	0	0	0
0.761685318	0.445220062	0.279042056	0.649305237	0.246549692	0.596963689	0.370929478	0.584299608	0.43577762	0.366201337	0.336708938	0.545301952	0.59051906	0.500799598	0.213342941	0.382336954	0.558226995	0.201835777	0.24390173	0.12725648	2.144761059	0.894427191	0.447213595	0.632455532	2.449489743
0.77501055	0.404343615	0.318864583	0.653566905	0.537419989	0.633410776	0.413029703	0.594400644	0.452161196	0.371222091	0.341326731	0.569121415	0.58797581	0.508524565	0.24522024	0.39274694	0.563285289	0.200065409	0.272438904	0.135958561	2.236067977	1	0	0	2.449489743
0.782140206	0.375047575	0.333119547	0.64787328	0.496949883	0.643771967	0.440851634	0.593042145	0.454085586	0.38384873	0.357196129	0.576256105	0.569046702	0.502068588	0.263700349	0.398665251	0.580465255	0.204465758	0.28270794	0.150457537	1	0	0	0	1
0.809937275	0.337735799	0.362579575	0.665239883	0.684683819	0.668565467	0.474179932	0.596348185	0.469809651	0.383788803	0.367161213	0.59098244	0.558555938	0.501604028	0.278626	0.378798669	0.573960538	0.197929974	0.292952972	0.157889595	1	0	0	0	1
0.795667879	0.324406107	0.380243746	0.677539319	0.462763719	0.695694443	0.524052593	0.581812429	0.467520974	0.381814068	0.366566624	0.596438775	0.559774731	0.488033148	0.297012795	0.381422717	0.578028834	0.193673409	0.299350762	0.167343004	1.732050808	1	0	0	2
0.811640992	0.31350692	0.382635737	0.679719853	0.369761374	0.699007761	0.519588333	0.57651359	0.473664626	0.378826166	0.371387738	0.598541891	0.56198481	0.486029144	0.285483579	0.347715747	0.561305124	0.189143308	0.299773698	0.177558456	3.041381265	0.5	0	1.118033989	3.278719262
0.806456889	0.306941302	0.378249796	0.668767118	0.152079882	0.698797894	0.523263976	0.569553604	0.467671931	0.377590204	0.381778802	0.598411251	0.57112327	0.472717234	0.278786424	0.330754604	0.552738741	0.187041469	0.297847389	0.196954753	1.414213562	0	0	0	1.414213562
0.770235077	0.727342522	0.317855082	0.69372005	0.616477405	0.629400798	0.436417902	0.614091	0.500496943	0.34976687	0.361993868	0.636851705	0.594288418	0.526233751	0.184421125	0.344883011	0.487847195	0.200667751	0.272218237	0.215522766	1	0.707106781	0	0.707106781	1.414213562
0.769906374	0.687426428	0.312896254	0.699745587	0.697149518	0.625624198	0.428138808	0.620738842	0.494249945	0.3468707	0.359374317	0.635362053	0.597249425	0.52242076	0.18404131	0.349848068	0.504041788	0.199838073	0.264222356	0.183087381	1	1	0	0	1.414213562
0.760999453	0.667689493	0.30654502	0.704316409	0.724329794	0.624897861	0.439548469	0.624114866	0.495328402	0.338658851	0.358229126	0.63637783	0.600480321	0.521577676	0.1792123	0.346416571	0.506756161	0.189801939	0.253019085	0.159347817	1.414213562	0	0	1	1.732050808
0.761240539	0.607308549	0.283568172	0.697976675	0.738271264	0.605357053	0.403999516	0.635346426	0.482452866	0.329742435	0.357938912	0.621963695	0.600004576	0.510346544	0.181576074	0.364131377	0.519175506	0.188945018	0.250234746	0.135659055	2.236067977	1	0	1	2.645751311
0.757811767	0.574410202	0.276608199	0.701638281	0.638068678	0.603773531	0.401478843	0.624820255	0.471519538	0.336385136	0.352055421	0.608354137	0.601714417	0.511146751	0.184587483	0.358694242	0.517818818	0.189494881	0.237828736	0.123551831	1.732050808	1	0	0	2
0.762633227	0.530995077	0.273511368	0.688142636	0.537439371	0.600026883	0.38448471	0.615886968	0.460007976	0.343609666	0.347348462	0.588989964	0.606761295	0.510042907	0.193886721	0.371485514	0.530916859	0.195237901	0.240728216	0.122720412	1.58113883	0.707106781	0	0	1.732050808
0.765216677	0.501853195	0.262424998	0.677244024	0.373253515	0.592958906	0.368054441	0.602710627	0.445674522	0.349356775	0.345132932	0.569229034	0.604398941	0.507816635	0.193601426	0.37065675	0.533811885	0.195470242	0.235451118	0.120123037	1.58113883	0	0	0.707106781	1.732050808
0.77284115	0.45605547	0.283538639	0.667212529	0.438015255	0.607283331	0.381559122	0.600995706	0.452664166	0.355408941	0.342524285	0.571675207	0.602303663	0.512388793	0.212388523	0.375754639	0.54488646	0.197793687	0.24715583	0.126485742	0	0	0	0	0
0.776096596	0.427467111	0.295545556	0.657304156	0.44083104	0.615357197	0.388970041	0.594291639	0.450124446	0.363345858	0.341703926	0.566144433	0.592617089	0.508914621	0.22508181	0.379749957	0.553588719	0.198983542	0.255263181	0.130997518	1.58113883	0.707106781	0	0	1.732050808
0.797938691	0.382071861	0.327307658	0.65877587	0.654063003	0.64008445	0.423272122	0.601722288	0.465685427	0.370935879	0.350656907	0.582437071	0.578494489	0.510875991	0.247649941	0.378026931	0.562257178	0.200349431	0.275146265	0.142993028	2	0.707106781	0	0.707106781	2.236067977
0.808947251	0.361569871	0.341156098	0.662529113	0.759766432	0.650824741	0.44115134	0.603176056	0.469035985	0.379387794	0.3559213	0.58669957	0.56846001	0.508136696	0.257284622	0.377970739	0.565097065	0.203429471	0.283588247	0.14926605	1.732050808	0	0	1	2
0.838020235	0.328730304	0.359700365	0.663865051	0.899400659	0.66240278	0.45708001	0.612132256	0.492989886	0.372771832	0.366945919	0.603856346	0.55477846	0.511085462	0.262237039	0.351871936	0.568109806	0.195122339	0.289891059	0.152877485	5.477225575	0	0	3	6.244997998
0.817664198	0.31296585	0.400656105	0.694556082	0.71606492	0.69504294	0.511577463	0.583510369	0.481002771	0.387096298	0.373662362	0.602863855	0.56017855	0.500585866	0.296046401	0.353524648	0.570156227	0.186544589	0.299882381	0.164824378	1.414213562	0	0	1	1.732050808
0.81714887	0.312432456	0.390870209	0.686519005	0.566297888	0.695640098	0.513322816	0.582481117	0.47708696	0.381758159	0.376025596	0.601004437	0.559933071	0.496609099	0.288059188	0.350994398	0.564926534	0.188387197	0.300901046	0.172617343	1.414213562	0	0	1	1.732050808
0.809922465	0.30802968	0.386105713	0.679748045	0.322889679	0.700831142	0.525023968	0.573162071	0.473280756	0.379546546	0.379173392	0.600113556	0.56492594	0.486891895	0.285405242	0.343649979	0.556008117	0.187359449	0.301370669	0.185442844	1.414213562	0	0	0	1.414213562
